3 0 1 2 
8 3 4 5 6 7 8 9 14 
9 10 11 12 13 15 16 17 20 118 
15 18 19 21 22 23 24 25 26 27 28 29 30 31 32 33 
7 34 35 36 37 38 39 86 
10 40 41 42 43 44 45 46 47 52 100 
6 48 49 51 56 64 199 
10 50 53 54 55 57 58 59 60 65 66 
8 61 62 63 67 68 69 70 71 
7 72 73 74 75 76 77 78 
8 79 80 81 82 83 84 85 166 
10 87 88 89 90 91 92 93 94 95 231 
5 96 97 98 99 108 
7 101 102 103 104 105 106 107 
9 109 110 111 112 113 114 115 116 117 
6 119 120 121 122 123 286 
7 124 125 126 127 128 129 130 
3 131 132 168 
4 133 134 135 136 
8 137 138 139 140 141 142 143 144 
6 145 146 147 148 149 163 
3 150 151 169 
3 152 153 154 
7 155 156 157 158 159 160 179 
5 161 162 164 165 267 
7 167 170 171 172 173 174 195 
2 175 222 
6 176 177 178 180 184 230 
4 181 182 183 191 
7 185 186 187 188 189 194 229 
8 190 192 193 196 197 198 200 264 
7 201 202 203 204 205 206 208 
5 207 209 210 211 218 
7 212 213 214 215 216 217 219 
10 220 221 223 224 225 226 227 228 232 251 
4 233 234 235 238 
6 236 237 239 240 241 248 
8 242 243 244 245 246 247 253 280 
8 249 250 252 254 255 256 261 263 
2 257 268 
7 258 259 260 262 265 266 270 
5 269 271 272 273 274 
6 275 276 277 278 279 291 
8 281 282 283 284 285 287 288 289 
4 290 292 293 294 
5 295 296 297 298 299 
0 
0 
0 
0 
0 
0 
0 
0 
0 
0 
0 
0 
0 
0 
0 
0 
0 
0 
0 
0 
0 
0 
0 
0 
0 
0 
0 
0 
0 
0 
0 
0 
0 
0 
0 
0 
0 
0 
0 
0 
0 
0 
0 
0 
0 
0 
0 
0 
0 
0 
0 
0 
0 
0 
