4 0 1 8 433 
5 2 3 4 5 7 
9 6 10 38 3216 3217 6264 6266 6284 8266 
12 9 11 12 13 17 2439 2441 3158 3163 3165 3179 3236 
16 14 15 16 18 2675 3141 3142 3143 3144 3149 3167 3168 3173 3174 3175 3176 
20 19 20 22 53 3914 3915 3916 3917 3919 3929 3939 3961 5175 5181 5184 5189 5192 5193 5194 5195 
20 21 23 25 26 44 2685 2687 4367 4460 4461 4462 4463 4464 5039 5042 5056 5076 5078 5079 5083 
10 24 27 28 29 30 31 32 697 2704 2881 
20 33 34 35 36 37 6874 6876 6877 6878 6907 6909 6910 6919 6923 6985 9612 9614 9616 9620 9629 
72 39 40 41 42 43 45 46 47 48 49 50 56 3381 3382 3402 9338 9339 9341 9353 9355 9356 9357 9358 9359 9360 9361 9362 9366 9367 9368 9369 9387 9389 9390 9391 9394 9396 9402 9403 9405 9408 9415 9424 9426 9427 9429 9431 9539 9541 9544 9545 9546 9552 9553 9554 9555 9556 9599 9600 9601 9602 9690 9707 9709 9710 9712 9716 9717 9731 9794 9795 9820 
13 51 52 54 55 57 58 59 4788 4789 4798 4799 4800 4806 
24 60 61 62 63 64 65 68 480 4734 4739 4746 4756 5373 5374 5376 5378 5383 5390 5392 5393 5396 5397 5398 5399 
7 66 67 69 70 71 88 8530 
28 72 73 74 75 76 77 104 2801 2804 3238 3245 3246 3247 3253 3258 3417 3420 3429 3432 3433 3434 3436 4903 4904 4909 4919 4927 4934 
102 78 79 80 81 82 83 91 3196 7719 7725 7786 7788 7792 7794 7795 7797 7875 7881 7883 7890 7891 7892 7913 7914 7915 7916 7917 7927 7928 7929 7930 7940 7941 7952 7954 7968 7970 8021 8022 8027 8034 8055 8061 8066 8067 8070 8071 8072 8075 8086 8092 8096 8097 8098 8099 8100 8124 8127 8182 8186 8187 8205 8206 8209 8210 8211 8212 8213 8270 8271 8274 8275 8276 8277 8281 8282 8286 8289 8300 8301 8397 8398 8430 8433 8434 8435 8439 8440 8443 8477 8481 8482 8486 8487 8488 8490 8491 8496 8497 8498 8500 8502 
26 84 85 86 87 90 130 5648 6424 6425 6444 8452 8453 8454 8457 8458 8459 8460 8461 8471 8472 8473 8474 8493 8649 8668 8701 
3 89 2358 3470 
35 92 93 94 95 96 97 98 99 100 102 2522 2620 2621 2623 3371 3373 4208 7642 7643 7645 7687 7712 7713 7714 7716 7717 7720 7721 7722 7723 7724 7733 7734 7735 7737 
6 101 103 105 106 107 128 
64 108 109 110 111 112 119 3270 3305 6857 6868 6869 6870 6872 6873 6893 6895 6902 7338 7340 7345 7350 7354 7355 7356 7373 7374 7375 7376 7377 7378 7390 7391 7392 7393 7395 7402 7405 7407 7430 7431 7432 7433 7434 7437 7439 7440 7442 7458 7459 7462 7463 7665 7667 7669 7671 7672 7675 8317 8318 8342 8345 8346 8350 8353 
18 113 114 115 116 117 118 120 121 122 124 2430 2431 2437 2882 2887 2888 2889 2891 
19 123 125 126 127 129 135 2840 2843 2847 2849 2851 2852 3713 3734 3735 3736 3737 3745 3746 
28 131 132 133 134 136 138 560 2538 2560 2612 2614 2791 3465 3466 3467 5164 5165 5191 7104 7108 7109 7110 7111 7119 7120 8673 8705 8738 
19 137 139 140 141 142 452 2396 2525 2662 2663 2671 8900 8903 8904 8905 8906 8907 9023 9024 
22 143 144 145 159 678 8312 8313 8314 8320 8494 8495 8504 8505 8506 8507 8509 8516 8519 8552 8553 8554 8557 
24 146 147 148 149 150 151 152 157 169 2997 3002 3982 3985 3992 3993 4011 4012 4013 4014 4015 4017 4018 4026 4036 
32 153 154 155 156 158 160 161 162 163 2067 2459 2905 2906 4072 4076 4077 4078 4079 4080 4082 4083 4092 4094 4096 4099 4102 4114 4117 4591 4595 4596 4603 
26 164 165 166 167 168 170 171 396 2494 3205 3206 3209 3210 3212 3770 3771 4556 4557 4558 4559 4560 4576 4584 4585 4586 4587 
15 172 173 174 175 177 232 3760 3761 8324 8339 8343 8352 8359 8360 8386 
6 176 178 179 181 2657 4664 
65 180 2342 2397 5958 5961 5964 5987 6132 6133 6135 6143 6144 6160 6164 6165 6169 6170 6171 6172 6173 6189 6192 6196 6198 6200 6202 6203 6204 6750 6751 6752 6756 6757 6772 6778 6780 8334 8336 8344 8348 8349 8351 8354 8356 8357 8358 8361 8363 8364 8367 8379 8380 8385 8455 8456 8462 8464 8465 8466 8467 8475 8476 8479 8480 8484 
7 182 183 184 185 200 3862 9988 
12 186 187 188 189 190 214 2629 3198 3200 3204 3207 3208 
28 191 192 193 194 195 197 219 665 3347 3350 3356 3357 5178 5179 5186 5188 5190 5209 5211 5212 5219 5221 5222 5225 5226 5227 5231 5339 
31 196 198 199 201 202 204 205 206 207 2635 3286 3287 3288 3289 3291 3292 3293 3302 3677 3703 3704 3708 3709 3710 4210 4211 4212 4217 4223 4224 4230 
9 203 208 209 210 211 213 292 4186 5925 
58 212 215 216 217 218 2366 2408 2559 2731 2734 7605 7606 7607 7608 7618 7621 7622 7623 7625 7627 7628 7630 7634 7635 7636 7639 7647 7649 7653 7654 7659 7676 7682 7683 7686 7690 7691 7696 7700 7701 7802 7803 7807 7815 7817 7829 7830 7831 7832 7833 7839 7844 7845 8044 8045 8050 8121 8131 
13 220 221 222 223 224 236 1631 2677 2679 2976 2979 5313 8492 
39 225 226 227 228 229 230 231 234 370 2580 2581 2582 2583 5394 5395 9924 9927 9928 9929 9930 9934 9937 9949 9950 9951 9953 9954 9955 9956 9962 9964 9965 9970 9984 9985 9986 9987 9989 9990 
31 233 235 237 238 239 240 2356 2602 2605 2640 2805 2809 2814 2815 2816 2817 6570 6574 6575 6581 6586 6591 6592 6645 6646 6650 6656 6657 6698 6710 6712 
19 241 242 243 244 245 246 247 2381 3524 3525 3534 3535 3536 3959 5088 5089 5101 5102 5103 
8 248 249 250 251 252 253 254 2394 
42 255 256 257 258 259 260 261 263 3354 3355 3362 3363 3367 3368 3369 3556 3897 3903 3904 3910 3923 3924 3925 3926 3936 3937 3940 3944 5017 5018 5020 5035 5036 7572 7575 7576 7579 7580 7593 7594 7619 7626 
12 262 264 265 266 267 271 7727 7728 7738 7753 7754 7755 
9 268 269 270 272 273 274 275 276 2683 
12 277 278 279 280 281 282 283 284 285 286 287 485 
14 288 289 290 291 293 331 2484 3074 3076 3080 3099 3101 3962 3970 
32 294 295 296 357 523 3290 3972 6599 6608 6610 6611 6612 6616 6618 6619 6621 6622 6623 6625 6626 6627 6629 6638 6639 6668 6670 6672 6675 6688 6689 6690 6691 
16 297 298 299 337 1402 4364 4365 4378 6217 6218 6219 6230 6235 6240 6242 6248 
6 300 301 302 303 304 2460 
14 305 306 2329 2619 2622 2624 2627 2628 3202 3203 3229 3230 3231 3241 
14 307 308 309 312 314 315 2407 3003 3013 3014 3015 3118 3121 3128 
21 310 316 317 319 325 399 6384 6385 6393 6394 6395 6400 6402 6406 6409 6412 6414 6423 6426 6427 6428 
7 311 313 318 320 321 322 385 
12 323 324 326 327 328 335 403 3191 3250 3251 3307 3310 
26 329 330 332 2386 8037 8040 8046 8047 8048 8049 8051 8054 8059 8060 8084 8091 8514 8515 8520 8521 8523 8529 8532 8533 8541 8545 
13 333 334 336 338 339 340 341 342 349 472 4659 9100 9111 
12 343 345 701 3300 3301 3327 3332 3336 3338 3339 3340 3348 
13 344 346 347 348 350 351 2398 3304 3309 3314 3471 4537 4553 
20 352 353 354 355 356 358 359 360 361 363 2314 2399 2634 2636 2875 4479 4481 4493 4495 4497 
9 362 365 366 367 369 381 391 840 2594 
7 364 368 2343 2586 2587 2593 2595 
51 371 372 373 374 375 2393 2585 4342 4371 4372 4555 4561 4563 4573 4574 4616 9835 9836 9837 9838 9846 9849 9850 9856 9859 9862 9863 9864 9865 9866 9867 9870 9874 9877 9880 9881 9885 9886 9892 9900 9905 9910 9911 9912 9923 9925 9926 9966 9967 9968 9969 
31 376 377 378 379 380 382 383 384 2371 2680 2682 3625 3628 3636 8886 8887 8888 8892 8893 8894 8898 8899 8902 8908 8909 8910 8913 8914 8917 8918 8920 
11 386 387 388 389 390 392 393 521 997 1288 6652 
84 394 395 397 398 402 2423 3024 3150 3156 5799 5803 6785 6789 7464 7465 7697 7698 7699 7703 7704 7709 7710 7715 7743 7744 7745 7747 7749 7752 7777 7784 7785 7789 7790 7791 7793 7796 7798 7804 7805 7816 7819 7825 7826 7827 7849 7852 8605 8606 8619 8622 8627 8628 8635 8640 8650 8651 8652 8655 8656 8661 8662 8663 8667 8669 8674 8677 8683 8687 8688 8691 8704 8713 8714 8726 8729 8734 8743 8746 8749 8751 8753 8803 8804 
8 400 401 404 405 406 407 520 5162 
7 408 409 410 411 412 413 414 
14 415 416 417 418 419 420 421 422 1810 3554 3555 4020 4030 4034 
18 423 424 426 431 739 2740 3507 3510 3512 3513 3515 3516 3518 3522 3529 3533 3537 3542 
55 425 427 428 429 430 432 463 527 2651 3132 3133 7093 7094 7095 7096 7102 7103 7127 7129 7132 7189 7190 7196 7197 7198 7199 7209 7210 7211 7216 7217 7223 7236 7237 7239 7240 7242 7243 7245 7249 7250 7260 7264 7269 7270 7271 7272 7275 7276 7278 7283 7300 7310 7315 7317 
10 434 435 436 437 2377 2463 2464 3154 3157 3164 
12 438 439 440 2453 3640 3644 3646 3649 3650 3651 3652 3653 
10 441 442 443 444 445 1157 2648 2650 2747 2748 
8 446 447 448 449 8773 8774 8775 8778 
50 450 451 453 454 455 456 460 956 2596 2603 4123 4125 4126 4128 4135 4140 4141 4142 4143 5576 5582 5583 5589 5590 5591 5592 5598 5599 5600 6154 6467 6488 6497 6520 6527 6528 6531 6532 9220 9223 9224 9228 9229 9230 9232 9234 9238 9239 9240 9243 
26 457 458 459 461 462 464 2038 2447 4875 4878 4879 5124 5125 5126 5134 5135 5137 5138 5850 5858 5867 5874 5875 5877 5878 5880 
11 465 467 2989 3889 6059 6062 6063 6064 6101 6102 6131 
15 466 468 469 470 471 473 6856 6867 6927 6928 6929 6930 6931 6932 6937 
23 474 475 476 618 3451 3453 3456 3457 3480 3482 3483 4074 4095 4100 4101 4103 4104 4105 4106 4108 4110 4987 5007 
13 477 478 479 481 482 483 484 487 512 2584 2983 2984 2986 
9 486 488 489 490 491 500 5325 5327 5329 
36 492 2335 3004 3009 3705 3706 4622 4623 4624 4625 4628 4633 4634 5239 5243 5244 5245 5246 5250 5253 6037 6038 6039 6040 6042 6046 6047 6112 6113 6114 6115 6119 6123 7492 7494 7495 
13 493 494 495 496 497 498 501 502 503 514 689 3147 3148 
26 499 504 505 506 507 508 509 517 2442 3647 3648 8736 8742 8744 8748 8752 8755 8757 8764 9333 9342 9343 9346 9347 9348 9352 
17 510 511 513 515 516 518 519 522 524 740 2802 5654 5661 5673 5674 6463 6464 
21 525 526 528 529 530 531 532 545 771 2697 2698 2742 2743 2744 2745 2764 2959 2961 2964 2965 4189 
29 533 534 535 536 537 2387 3724 3749 3751 3752 4478 6851 6854 6855 6858 6883 6889 6890 6894 6896 6905 6920 6921 6947 6948 6950 6956 6968 6972 
63 538 539 540 541 542 543 544 2108 3058 3874 3875 3876 3877 3878 3880 3931 3934 3942 3943 3945 3946 3953 4500 4501 4507 4508 4511 4512 4522 5201 5203 5206 5207 5220 5230 5251 5252 5254 5255 5256 5257 5260 5262 5263 8733 8856 8861 8864 8877 8881 8882 8883 8884 8991 8992 8993 8996 8997 8998 9001 9008 9013 9014 
32 546 547 548 549 550 551 552 591 2874 4703 4793 4794 4795 4796 4797 5417 5433 5454 5455 5949 5950 5951 6121 6124 6125 6126 6127 6129 6130 6137 6148 6149 
35 553 554 555 556 557 573 8594 8596 8597 8607 8614 8615 8624 8636 8638 8639 8659 9089 9090 9091 9092 9095 9098 9169 9183 9191 9492 9494 9496 9510 9517 9548 9549 9586 9591 
46 558 559 561 562 564 565 2566 2567 2568 3551 3552 3563 4887 4888 4890 4891 4893 4924 4935 4936 4937 4938 4939 4943 4945 4947 4967 4972 4973 4974 4975 5005 5006 8874 8876 8890 8891 8895 8896 9088 9093 9094 9105 9106 9113 9114 
24 563 566 567 632 2998 3000 3001 3008 3010 3840 3841 4475 4477 4480 4485 4489 4490 4491 4492 4494 5140 5141 5143 5145 
9 568 569 570 571 572 574 575 577 1630 
12 576 578 579 580 583 1038 2643 4423 4430 4431 4433 4434 
10 581 582 584 585 586 587 588 597 2448 2449 
25 589 590 593 596 2405 2645 2646 2739 2741 3423 3435 3437 4709 4710 4711 4735 4751 4754 4786 4787 4850 4855 4860 4861 4864 
8 592 594 595 598 599 600 668 2688 
33 601 602 603 604 606 617 1491 7652 7711 7718 7741 7742 7750 7894 7895 7896 7902 7904 7906 7907 7908 7909 7910 7911 7912 7944 7947 7948 7949 7984 7997 7998 8003 
11 605 607 608 609 610 611 3439 3440 3493 6373 6374 
26 612 613 614 615 616 621 626 3237 3240 3243 5919 5920 5921 5935 5939 5943 5945 5954 5955 5956 5957 5966 5993 6000 6001 7931 
11 619 620 622 623 624 649 2831 3859 3860 3861 3863 
95 625 627 628 629 630 635 637 638 2600 2669 2670 2676 2754 2755 2758 2759 3547 3550 5119 5129 5146 5147 5148 5150 5153 5967 5973 5974 5979 5980 5981 5982 5983 5984 5985 5986 5989 5990 5991 5992 6024 6025 6029 6031 6032 6033 6043 6045 6050 6261 6262 6263 6265 6267 6268 6269 7644 7655 7656 7657 7660 7662 7663 7666 7684 7685 7835 7836 7838 7840 7841 7842 7843 7848 7850 7851 7859 7861 7862 7863 7864 7865 7869 7870 7871 7873 7874 7882 7885 7886 7887 7893 8732 8735 8771 
19 631 633 634 639 642 644 671 757 2909 2914 3773 3781 8962 8964 8965 8966 8970 8971 8980 
35 636 640 641 670 677 4644 4645 4646 4647 4651 4655 4656 4698 4699 7542 7546 7547 7550 7556 7559 7565 7568 7570 7571 7577 7578 7581 7582 7583 7584 7599 7600 7601 7603 7604 
93 643 645 646 647 648 650 651 652 653 769 3521 3539 3540 3541 3548 5014 5015 5016 5019 5025 5026 5027 5028 5029 8745 8750 8754 8792 8795 8796 8797 9275 9279 9281 9289 9290 9294 9295 9297 9300 9306 9309 9310 9312 9313 9315 9317 9319 9320 9324 9325 9345 9349 9350 9351 9354 9371 9372 9373 9392 9404 9406 9407 9409 9410 9412 9413 9414 9416 9417 9418 9419 9420 9438 9442 9468 9573 9595 9597 9598 9603 9604 9605 9608 9610 9613 9615 9631 9632 9635 9644 9645 9646 
63 654 655 656 657 658 659 660 661 663 676 2987 3090 3091 3094 3095 3097 3475 3476 3477 3479 7091 7092 7097 7098 7116 7121 7128 7130 7131 7135 7136 7137 7139 7149 7150 7152 7154 7156 7176 7177 7183 7184 7194 7206 7207 7212 7246 7247 7258 7263 7265 7266 7289 7290 7293 7313 7416 7425 7435 7438 7441 7446 7449 
17 662 664 667 669 2380 2701 2866 2867 6331 6350 6351 6353 6354 6356 6360 6361 6366 
32 666 673 674 675 681 682 955 2432 2547 2549 2577 6355 6357 6359 6362 6364 6365 6367 6370 6372 6379 6387 6389 6390 6452 6523 6524 6534 6535 6548 6550 6551 
57 672 679 680 1048 2738 3281 4742 6842 6843 7457 7461 7467 7468 7469 7470 7475 7484 7485 7487 7489 7491 7497 7499 7503 7504 7505 7508 7510 7511 7513 7514 7515 7516 7517 7519 7524 7525 7526 7527 7549 7551 7554 7555 7557 7563 7566 7567 7588 7591 7596 7609 7610 7611 7612 7613 7614 7615 
29 683 684 685 686 1123 2426 2552 4802 4803 4807 4809 4812 4814 4838 4839 7372 7472 7474 7476 9467 9474 9475 9547 9557 9560 9561 9563 9564 9566 
22 687 688 690 691 692 705 729 2654 2656 3065 3068 3072 3218 3220 3222 3223 3252 3254 4778 4782 4783 5853 
18 693 694 695 696 698 699 700 707 2402 2404 2750 2753 3873 8599 8600 8601 8620 8621 
8 702 703 704 706 709 759 3040 3323 
19 708 710 733 2524 2839 2970 3012 3611 3612 3613 3614 3615 3619 3620 3622 3623 3624 3626 3627 
42 711 712 713 714 715 728 1353 2946 5177 5294 5295 5296 5297 5298 5305 5310 5314 5467 5532 5535 5602 5605 5606 5621 5630 5631 5632 5635 5636 5643 8093 8111 8112 8119 8120 8125 8128 8130 8133 8134 8135 8136 
36 716 717 718 720 721 722 725 806 2895 2899 3805 3807 3811 3817 3818 3819 3820 3824 3825 3831 4118 4119 4120 4121 4122 4124 4152 4153 4157 4159 4167 4170 4171 4180 4185 5770 
64 719 723 724 726 727 730 731 732 735 749 2625 2626 3852 3854 4039 4047 4048 4049 4051 4052 4053 4055 4679 4680 4682 5267 5268 5269 5271 5273 5274 5275 5277 5279 5280 5281 5282 5284 5285 5286 5289 5306 5307 5308 5311 5312 5315 5320 5324 5330 5331 5337 5338 5340 5346 5347 5350 5359 5360 5362 5363 5364 5365 5369 
8 734 736 737 746 1101 3159 5914 5915 
32 738 741 742 743 744 745 747 748 751 3389 3391 3392 3393 3395 3397 3398 3399 3405 3409 3412 3413 3414 3430 3881 3900 3901 3909 4620 5924 8739 8740 8741 
13 750 752 753 754 755 758 783 821 9799 9806 9822 9824 9825 
11 756 760 761 765 781 4127 4129 5886 5887 5888 5889 
24 762 763 764 2425 2440 2610 3227 3228 3256 3257 3259 5498 5500 5504 5507 5512 5513 5514 5515 5518 5519 5527 5528 5529 
38 766 2368 2879 5367 5416 5419 5421 6969 6976 6977 6978 6979 6980 6981 6993 6994 6996 6997 8108 8113 8118 8132 8137 8138 8139 8140 8142 8144 8153 8154 8156 8157 8170 8171 8179 8181 8184 8185 
25 767 768 770 772 786 896 4892 4894 4895 4896 4898 9447 9448 9449 9450 9462 9463 9464 9471 9472 9638 9641 9648 9653 9657 
30 773 2338 2455 3135 3136 3137 3138 3139 3140 3145 3146 4848 4867 4870 4911 4921 4923 4948 4949 4950 4951 4955 4956 4960 4963 4969 4981 4984 5008 5009 
17 774 775 776 777 778 779 785 790 842 8236 8243 8250 8251 8252 8253 8254 8255 
8 780 782 784 787 788 789 1003 7509 
13 791 792 793 794 797 1019 1896 3990 3991 3994 4439 4444 4486 
14 795 796 868 3921 3928 3930 3935 3938 4657 4662 4663 6653 6658 6661 
9 798 799 800 801 802 803 804 824 1984 
13 805 808 2473 2477 2478 2480 2533 2535 2536 5272 8244 8245 8246 
144 807 939 2757 2766 2767 2768 2770 5409 5410 5414 5415 5425 5426 5429 5430 5431 5434 5436 5456 6197 6201 6216 6221 6224 6225 6226 6231 6237 6238 6239 6241 6245 6247 6249 6251 6254 6258 6283 6285 6286 6499 6500 6508 7029 7032 7041 7043 7050 7053 7054 7063 7068 7069 7070 7072 7078 7080 7081 7082 7083 7100 8689 8690 8700 8703 8706 8717 8719 8720 8722 8723 8724 8725 8933 8934 8940 8941 8960 8961 9178 9182 9185 9188 9196 9198 9199 9200 9201 9244 9247 9251 9252 9253 9254 9256 9257 9258 9259 9260 9267 9269 9270 9271 9272 9273 9276 9278 9285 9287 9288 9291 9292 9293 9311 9314 9316 9318 9335 9340 9344 9363 9364 9365 9411 9421 9422 9423 9425 9434 9435 9436 9439 9440 9441 9443 9486 9559 9571 9572 9574 9575 9581 9592 9593 
5 809 810 811 812 848 
15 813 814 815 816 817 818 822 1270 2409 2780 2930 4363 4368 4399 4400 
18 819 820 2334 2644 2655 2659 3826 3830 3832 3837 3864 3865 3867 3872 3977 3979 3984 3989 
10 823 825 826 827 828 829 830 927 3153 3171 
7 831 832 833 838 5154 5155 5156 
29 834 835 2361 2957 2992 3129 3233 3415 3787 3797 3798 3801 3802 3815 3829 3838 3842 3843 3846 3849 3850 3851 3855 3856 3857 3902 3906 3907 3918 
41 836 837 839 841 843 844 845 846 847 2415 2467 2672 5377 5385 5386 5387 5388 5389 5403 5407 5408 5411 5412 5413 5418 5439 5440 5441 5442 5572 5581 5783 5807 5808 5809 5810 5811 5813 5814 5826 5837 
34 849 850 851 852 853 854 855 878 2830 2836 2837 2848 3352 6501 6502 6503 6504 6505 6511 6512 6517 6518 6521 6541 6546 6553 6554 6555 6558 6561 6564 6566 6567 6568 
53 856 857 858 859 860 861 862 863 864 886 4016 4019 4405 4406 4424 4425 4446 4502 4503 4504 4510 4513 4515 4516 4517 4518 4525 4526 4741 4745 4748 4765 4767 4768 4771 5905 5906 5907 5975 5976 8852 8853 8859 8865 8870 8871 8875 8878 8879 8880 8885 9011 9016 
40 865 866 867 869 870 871 875 3078 3086 3087 4672 4674 4681 4686 4687 4688 4689 4690 4696 7113 7114 7122 7123 7125 7133 7142 7145 7157 7158 7160 7167 7178 7180 7220 7221 7226 7227 7228 7233 7234 
22 872 873 2367 2456 2765 2769 2774 2775 2779 2781 2786 3189 3235 3328 3330 3764 3766 3767 3768 3780 5516 5531 
35 874 876 877 879 880 881 1072 2735 2933 2934 2938 2958 2969 2974 2975 4057 4058 4060 4061 4062 4339 4340 4341 4344 4345 4346 4356 4357 5461 5465 5466 8776 8777 8781 8785 
16 882 883 884 885 887 2609 2782 2783 2785 2792 2793 2794 2795 2797 5474 5475 
24 888 889 890 891 892 893 894 895 897 2935 3360 3365 3503 5944 5946 5947 5952 5965 5971 6012 6013 6014 6028 6030 
4 898 899 900 2988 
41 901 902 903 904 913 2461 4037 5197 5199 5200 9477 9479 9480 9482 9489 9490 9499 9500 9524 9525 9530 9531 9532 9533 9534 9535 9536 9569 9570 9576 9577 9578 9579 9580 9582 9584 9587 9588 9590 9594 9596 
71 905 906 907 909 930 1145 2700 4195 4196 4202 4305 4306 4332 4334 4335 6706 6707 6709 6715 6725 6726 6727 6730 7544 7545 7558 7562 7574 7587 7602 7853 7866 7877 7879 7898 7899 7901 7957 7958 7959 7962 7993 7994 7995 7996 7999 8000 8001 8005 8013 8014 8015 8019 8020 8026 8073 8074 8078 8079 8080 8081 8085 8087 8090 8129 8155 8159 8160 8169 8177 8199 
6 908 910 911 937 2579 4298 
45 912 914 915 916 917 918 919 920 924 953 3152 3190 4249 4250 9676 9681 9691 9693 9694 9695 9696 9697 9698 9702 9705 9708 9727 9735 9740 9741 9742 9743 9760 9761 9762 9768 9787 9788 9797 9798 9801 9802 9810 9812 9813 
35 921 922 923 2348 3061 3062 3063 3066 3441 3452 3460 3461 3463 3473 3484 3495 3500 3504 3505 3506 3508 3509 3514 3523 3528 3538 3543 3544 3545 5768 5785 5787 5788 6335 6339 
10 925 926 928 4031 4435 4436 4437 4443 4455 4476 
11 929 931 932 933 934 935 936 2632 2772 3366 3370 
34 938 940 941 942 943 2362 2886 3054 3055 3056 3064 3070 4801 4815 4828 4836 4837 4840 4842 4851 4863 4868 4869 4871 4873 4880 4882 4884 4902 4910 4912 4913 4916 4917 
7 944 945 946 947 949 2678 2681 
6 948 950 2374 3643 3664 3665 
21 951 952 954 957 958 959 960 961 962 1012 2618 2633 2637 2641 2911 2927 3166 3169 3170 3260 3261 
11 963 964 965 966 967 968 969 971 1032 3161 3162 
14 970 972 973 974 975 976 2406 2692 4343 4347 4348 4351 4354 4355 
3 977 978 2330 
9 979 980 981 982 2693 2722 4088 4111 4112 
18 983 984 985 986 987 988 989 993 1886 4539 4545 4551 4554 6049 6052 6057 6128 6139 
40 990 991 992 994 996 2450 2451 2565 2822 2823 2941 3879 3883 6641 6647 6648 6654 6655 6659 6662 6663 6717 6724 6729 6732 6733 6734 6739 6740 6741 6748 6755 6758 6761 6763 6774 6786 6787 6793 6796 
5 995 998 1001 1207 1692 
38 999 1000 2332 2466 2951 2952 5767 5769 5773 5774 5778 5786 9619 9621 9622 9623 9625 9626 9647 9650 9652 9656 9660 9661 9663 9667 9763 9764 9783 9785 9826 9827 9844 9845 9847 9848 9852 9853 
9 1002 1004 1005 1006 1017 3573 3585 3586 3587 
32 1007 1008 1009 2392 2530 2604 3478 3481 3485 3486 3490 3499 3519 3520 4986 4991 4992 4993 5041 5045 5054 5059 5060 5128 5131 5132 5133 5139 7248 7251 7252 7254 
11 1010 1011 1013 1014 1015 2375 2615 2616 2724 2725 2733 
6 1016 1018 2365 2454 2572 2901 
10 1020 1031 4259 4266 4267 4268 4269 4271 9996 9997 
55 1021 1022 2353 2555 3957 3958 6075 6076 6077 6078 6079 6141 6142 6146 6147 6150 6151 6159 6161 6162 6175 6177 6180 6181 6182 6183 6185 6212 6213 7112 7124 7126 7164 7295 7298 7301 7311 8424 8425 8428 8442 8444 8446 8448 8451 8463 8468 8469 8470 8522 8525 8526 8527 8528 8531 
48 1023 1024 1025 1026 1028 1029 1030 1043 1063 2424 9030 9031 9036 9047 9048 9049 9050 9055 9056 9058 9059 9061 9065 9066 9067 9070 9075 9076 9080 9082 9085 9087 9104 9115 9136 9138 9139 9147 9149 9171 9172 9184 9186 9187 9189 9190 9193 9197 
41 1027 1033 1036 1039 4390 4391 6952 6954 6955 6984 6987 7084 7085 7087 7115 7117 7118 7138 7141 7143 7144 7147 7148 7159 7174 7175 7213 7244 7256 7257 7259 7261 7280 7281 7287 7296 7297 7299 7304 7305 7318 
23 1034 1035 1037 1041 1044 2537 4905 4906 4907 4918 4941 4942 4944 4946 4952 5420 5422 5432 5447 5449 5724 5730 5731 
56 1040 1042 1045 1046 1047 1049 1050 1051 1052 1053 2658 2962 3564 3565 4314 4315 4316 4319 8577 8643 8644 8828 8830 8831 8835 8837 8839 8849 8851 8855 8857 8858 8862 8866 8867 8868 8927 8928 8942 8945 8963 8967 8968 8969 8972 8973 8974 8977 8978 9064 9079 9081 9083 9084 9086 9097 
27 1054 1055 1056 2606 3634 3642 3645 3654 3655 3658 3660 8508 8510 8511 8512 8513 8517 8518 8555 8665 8666 8678 8681 8684 8693 8697 8698 
50 1057 1058 1059 1060 1062 1064 1081 3686 3692 3788 3789 3790 3804 3821 3823 3827 3828 3847 3853 3978 3997 4040 4041 4042 4043 4044 4046 4065 4066 4067 4070 4071 4081 4086 4087 4098 4107 4109 9395 9397 9398 9401 9428 9430 9432 9433 9437 9445 9446 9466 
10 1061 1065 1066 1068 1069 1070 1079 2942 2943 9501 
7 1067 1071 1076 2784 3265 3275 6324 
27 1073 1074 1075 1077 1163 2401 3037 3039 3043 9118 9120 9121 9122 9126 9133 9134 9142 9143 9146 9148 9150 9151 9152 9153 9154 9155 9159 
25 1078 1080 1082 1083 1179 3151 3666 7692 7702 7705 7706 7707 7708 7726 7731 7732 7736 7740 7950 7951 7956 7965 7982 7990 7991 
31 1084 1085 1091 1099 2550 3042 3045 3050 3895 3899 3905 3922 3964 3965 3966 5085 5109 5111 5112 5114 5115 5127 5130 5136 5151 5152 5157 5159 5646 5647 5651 
8 1086 1087 1088 2435 2859 2864 2865 2868 
15 1089 1090 1092 1093 1094 1107 1293 2666 3331 4239 4245 4257 4260 4261 4262 
41 1095 1096 1097 1098 1120 4588 4589 4593 4594 4597 4598 4600 4602 4604 4605 4611 4619 5270 5739 5741 5748 5751 5753 5757 5760 5761 5762 5764 5765 5771 5772 5882 5883 5884 9455 9456 9457 9458 9459 9460 9465 
6 1100 1102 1103 1104 1105 2351 
41 1106 1108 1109 1110 1111 1112 1115 2668 2673 3604 3617 5424 5428 5435 5437 5438 5443 5444 5445 5451 5567 5575 5586 5587 9099 9101 9102 9103 9107 9108 9110 9112 9124 9127 9208 9209 9210 9213 9214 9215 9217 
19 1113 1114 2359 2376 4779 4780 4792 4808 4811 4876 4877 4881 4883 4885 4897 4900 4901 4914 4915 
12 1116 1117 1118 1119 1121 1125 2607 6951 6982 6983 6991 6992 
30 1122 1124 1126 1127 1128 1133 1136 1662 2691 2694 2696 2751 2752 2756 5084 5086 5096 5099 5100 6720 6721 6722 6723 6728 6735 6736 6777 6833 6834 6835 
31 1129 1130 1131 2378 5573 5574 5597 5603 5607 5608 5610 5611 5664 5666 5669 5670 5675 5703 5707 5709 5710 5711 5712 5713 5714 5715 5735 5747 5749 5750 5752 
13 1132 1134 2281 2980 4567 4568 4583 4592 4617 4618 4641 4642 4643 
35 1135 1137 1138 1387 2925 4254 4255 4256 4263 4264 4265 8322 8323 8328 8329 8330 8331 8333 8362 8370 8372 8373 8374 8376 8377 8378 8402 8403 8421 8422 8423 8426 8427 8432 8449 
15 1139 1150 1958 4544 4810 4813 4816 4822 4826 4833 6252 6253 7365 7370 7371 
16 1140 1141 1142 1530 2588 5248 5249 5264 8316 8384 8388 8389 8390 8391 8392 8394 
19 1143 1144 1147 1148 1149 1151 1254 3244 3266 3268 3444 3447 3448 3449 3450 3454 3455 3458 3462 
12 1146 1152 1153 1154 1155 1156 1158 1164 2417 2557 2561 2597 
33 1159 2333 2642 3559 5759 8478 8499 8501 8503 8524 8534 8535 8542 8543 8546 8547 8548 8549 8550 8551 8559 8560 8563 8564 8565 8568 8573 8676 8727 8728 8730 8731 8737 
39 1160 1161 1162 1165 1166 1167 1168 1171 2876 2883 2884 4162 4164 4165 4178 4187 5292 5299 5302 5303 5304 5821 5822 5823 5824 5825 5828 5830 5832 5836 5838 5840 5841 5844 5846 5851 5852 5857 5861 
29 1169 1170 1172 1173 1174 1175 1176 1182 2573 2574 2576 2598 2702 2732 5341 5342 5348 5349 5353 5354 5356 5361 5370 5375 5446 5453 5457 5458 5460 
9 1177 1178 1180 1181 1183 1189 3691 3711 3712 
7 1184 1185 1186 1187 1191 2773 2776 
4 1188 1190 2354 2457 
18 1192 1193 1194 1195 1196 1210 4635 4639 4640 4661 4675 6799 6800 6823 6824 6827 6829 6831 
18 1197 1198 1199 1200 1201 1202 1203 1204 1205 1220 1278 3384 3385 3386 5166 5167 5173 5174 
12 1206 1208 1211 1212 2545 4059 6288 6289 6291 6293 6294 6307 
60 1209 1213 1214 1215 1216 2372 8808 8812 8813 8814 8815 8821 8834 8846 8863 8869 8889 8897 8924 8926 9009 9021 9022 9026 9027 9038 9042 9068 9096 9128 9129 9130 9131 9137 9144 9145 9156 9157 9158 9160 9164 9166 9491 9493 9495 9497 9498 9583 9585 9589 9606 9609 9618 9624 9627 9628 9630 9633 9634 9718 
23 1217 1218 1219 1221 1222 1223 1224 1244 1450 1507 2090 6743 6744 6745 6746 6747 6749 6753 6754 6764 6767 6781 6783 
26 1225 1226 1227 1271 6779 6922 6924 6925 6926 6988 6989 6990 6995 6998 7005 7006 7010 7024 7027 7028 7031 7033 7044 7046 8088 8089 
19 1228 1229 1230 1231 1232 3721 3723 4054 4063 4064 6571 6572 6577 6580 6585 6593 6596 6597 6598 
7 1233 1234 1235 1236 1237 1240 2422 
49 1238 1239 1241 1242 1243 1245 1247 1248 1336 2829 3816 4216 7729 7730 7739 7751 7756 7757 7758 7759 7760 7761 9202 9203 9205 9206 9207 9211 9212 9221 9298 9299 9302 9329 9330 9331 9332 9374 9375 9379 9380 9381 9382 9383 9384 9385 9386 9399 9400 
15 1246 1249 1250 1251 1252 1253 1330 3866 3868 3869 3870 3871 4678 4691 4697 
19 1255 1256 1257 1258 1259 1260 1261 1262 2630 2631 3213 7253 7306 7307 7320 7322 7328 7330 7337 
11 1263 1264 1265 1266 1267 1268 1269 1272 1750 2932 6194 
13 1273 1274 1275 1276 1277 1279 1280 1281 1352 2811 2812 2813 3717 
10 1282 1283 1284 2364 2526 3858 5161 5170 5180 5196 
28 1285 1286 1287 1290 1305 2787 2788 2824 4668 4673 4700 4701 4705 4706 4707 4712 4713 4715 4716 4717 4718 4721 4723 4733 4747 4758 4759 4760 
19 1289 1291 1292 1294 1295 1296 1297 1298 1340 2210 9173 9175 9180 9227 9231 9233 9236 9237 9241 
32 1299 1300 1345 3185 3186 5158 5160 5462 5463 5464 5800 5801 5802 5804 5805 5806 5845 5847 5848 5849 9720 9722 9723 9724 9726 9728 9729 9730 9770 9771 9772 9775 
28 1301 1302 1303 2589 2590 2591 2592 2991 2993 2996 8931 8943 8944 8946 8947 8948 8949 8950 8952 8955 8979 8999 9000 9025 9062 9073 9074 9077 
12 1304 1355 1489 2470 2471 2649 2652 4998 5010 5011 5012 5013 
34 1306 1307 1312 2726 2727 2789 3913 3920 4422 6506 6507 6522 6537 6538 6539 6552 6556 6595 6624 6632 6640 6642 6643 6669 6682 6683 6684 6692 6694 6711 6713 6716 6718 6963 
13 1308 1309 1310 1311 1313 1314 1315 1316 1317 1452 2468 2469 2475 
102 1318 1324 2472 7020 7021 7023 7030 7034 7036 7037 7038 7042 7235 7238 7241 7273 7274 7277 7279 7282 7284 7285 7286 7288 7291 7292 7294 7302 7303 7309 7314 7316 7319 7323 7324 7325 7326 7327 7362 7363 7364 7367 7368 7403 7404 7421 7422 7423 7424 7428 7429 7436 7482 7483 7486 7496 7501 7502 7532 7533 7539 7541 7548 7552 7553 7560 7561 7564 7569 7573 7592 7595 7629 7632 7633 7637 7924 7926 7932 7933 7934 7935 7953 7955 7967 7969 7978 7979 7980 7981 7985 7986 7987 7988 7989 7992 8004 8006 8007 8008 8009 8017 
46 1319 1320 1321 1322 1323 1458 2777 2778 2799 3048 3051 3053 3057 3530 3531 3546 4373 4376 4379 4380 4381 4382 4396 4397 4398 5316 5317 5318 5319 5326 5328 5332 5333 5343 5344 5345 5351 5352 5355 6649 6651 6660 6686 6687 6693 6695 
11 1325 1326 1327 1328 1329 1335 2443 2497 8786 8788 8789 
23 1331 1332 1333 1334 1337 1338 1341 1343 1348 1647 4225 4227 4231 4233 4234 4235 4236 4237 4238 4240 4241 4242 4244 
2 1339 2331 
11 1342 1344 2344 2936 4218 4219 4220 8247 8248 8256 8257 
63 1346 1347 1349 1350 1351 1354 1374 2498 2516 8595 8625 8630 8631 8634 8695 8760 8766 8767 8772 8780 8782 8783 8784 8787 8791 8793 8794 8799 8805 8807 8810 8811 8817 8819 8822 8823 8840 8841 8843 8860 8872 8873 8951 8953 8954 8956 8957 9028 9029 9033 9039 9040 9041 9046 9052 9053 9054 9057 9060 9063 9069 9071 9072 
26 1356 1357 1358 1372 2137 4383 4384 4385 4387 4388 4395 4401 4402 4403 4411 4412 4413 4426 4427 4428 4432 4438 4440 5223 5224 5228 
8 1359 1360 3096 3583 3618 9679 9682 9692 
67 1361 1362 1363 1364 1365 1532 3427 3629 5053 5057 5058 5061 5062 5063 5066 5067 5068 6782 6791 6803 6806 6811 6813 6815 6818 6819 6845 6846 6847 6850 6852 6861 6862 6863 6864 6865 6866 6871 6875 6879 6880 6882 6884 6885 6887 6888 6891 6911 6916 6917 6918 7045 7056 7061 7062 7075 7076 7077 7079 7088 7089 7090 7099 7101 7105 7106 7107 
7 1366 1367 1368 1369 1370 1419 4408 
7 1371 1373 1375 1376 2336 3046 3047 
3 1377 1378 1404 
12 1379 1380 1382 1383 1384 1527 3280 3282 3605 3608 3609 3616 
60 1381 1385 1386 1388 1389 1390 1391 1403 1653 3016 3017 3018 4221 4222 4971 4976 4977 4978 4979 4980 4997 5000 5002 5038 5040 5044 5055 5074 5075 8375 8381 8382 8383 9451 9452 9453 9454 9461 9469 9470 9473 9476 9478 9481 9483 9484 9485 9512 9513 9514 9515 9516 9527 9540 9542 9543 9832 9833 9834 9851 
31 1392 1393 1394 1395 1396 1397 1398 1400 1401 1405 1406 1412 4774 4775 4776 4777 4781 4785 4791 4805 5766 5816 5817 5819 5820 5827 5829 7983 8010 8011 8012 
7 1399 1408 1409 1431 2065 2507 2508 
5 1407 1410 2599 2601 3941 
34 1411 1413 1414 1415 1416 1417 1418 2458 3720 3725 3728 3733 3739 3740 3741 3742 3743 3747 3748 3762 3775 3778 3779 3782 3791 3794 3799 6798 6837 6838 6840 6841 7398 7443 
27 1420 1421 1422 1423 1424 1425 1426 1434 1449 3079 3082 3083 3088 3089 3100 5104 5122 5123 5142 5144 5149 5908 5932 6199 6208 6209 6211 
28 1427 1428 1429 4198 4199 5517 5520 5521 5522 5533 5534 5536 5537 5604 5612 5620 6051 6053 6055 6058 6070 6272 6342 6343 6344 6348 6349 6352 
32 1430 1432 1433 1435 1436 1437 1438 1440 4115 4116 9774 9776 9777 9778 9779 9789 9790 9791 9796 9839 9889 9895 9898 9901 9903 9908 9913 9914 9915 9916 9917 9931 
3 1439 1680 2548 
45 1441 1442 1443 1444 1445 1455 2554 2556 2825 2827 2828 3303 4068 4069 4073 4075 4084 4085 4089 4091 4093 4097 4289 4308 4317 4318 4320 4321 4322 4445 4457 7161 7162 7165 7166 7169 7171 7172 7173 7182 9216 9218 9225 9226 9242 
18 1446 1447 1448 1451 1453 1454 1456 1463 3630 3631 3632 3633 3635 3637 3638 3639 4050 4056 
82 1457 1459 1460 1461 1462 1465 3283 4132 4133 4134 4136 4137 4138 4139 4144 4145 4148 4149 4151 4158 4161 4166 4175 4176 4177 4179 9649 9651 9654 9655 9658 9659 9662 9664 9665 9666 9668 9669 9677 9678 9684 9685 9686 9687 9688 9689 9700 9701 9706 9711 9713 9714 9715 9719 9721 9725 9759 9767 9769 9786 9792 9803 9804 9805 9807 9808 9809 9811 9814 9815 9816 9817 9818 9821 9823 9860 9861 9868 9869 9871 9890 9891 
27 1464 1466 1467 1468 1469 1470 1471 1472 1483 1497 5093 9487 9488 9503 9504 9505 9506 9507 9508 9509 9511 9537 9538 9562 9565 9567 9568 
6 1473 1474 1475 2717 2718 2719 
16 1476 1477 1478 1479 1480 1481 1902 2517 3211 3214 3215 6318 6323 6325 6327 6328 
11 1482 1484 1485 1488 2968 2971 3438 3442 3443 3445 3446 
11 1486 1487 1490 1492 1493 1494 1495 2390 2528 2529 3553 
25 1496 1498 1499 1500 1501 1502 1503 1504 1523 3242 3248 3264 3267 3284 3296 3297 3298 3299 3306 3334 3335 3344 3378 3882 3888 
41 1505 1506 1508 1509 1510 1511 2674 3044 3069 3075 5232 5233 5234 5968 5969 5970 5972 5977 5988 6034 6041 6066 6067 6074 6080 6083 6088 6090 6091 6096 6097 6103 6105 6107 6108 6120 6134 6136 6138 6140 6145 
35 1512 1513 1514 1515 1516 1517 1521 3093 4184 6475 6476 6489 6490 6494 6498 6509 6510 6513 6514 6515 6516 6525 6526 6529 6530 6533 6536 6540 6542 6549 6797 6832 6836 6859 6860 
23 1518 1519 1520 1522 1524 1883 3562 3588 3589 3595 3603 3606 3621 8023 8024 8025 8043 8063 8068 8076 8077 8082 8083 
55 1525 1526 1528 1529 2357 2384 2385 3183 3192 3193 3194 3195 3197 3199 3786 3795 3796 3800 3803 3806 3808 3809 3810 3812 9858 9872 9873 9876 9878 9879 9882 9883 9884 9887 9888 9896 9902 9904 9906 9907 9918 9919 9920 9921 9922 9932 9935 9936 9939 9940 9941 9942 9972 9973 9975 
34 1531 1533 1534 1535 1536 1537 1538 2523 2527 2937 3155 3160 3285 5756 5776 5777 5790 5791 5792 5793 5796 5815 5831 5833 5834 5835 5859 5860 5862 5863 5865 5866 5868 5869 
34 1539 1540 1541 1542 1543 1544 1547 1548 1557 1903 4191 4192 4193 4197 4201 4203 4204 4205 4206 4207 4209 4213 4214 4215 4251 4252 4253 4258 4270 4273 4275 4288 4299 4300 
43 1545 2350 3052 3059 3060 3107 3108 3116 3117 3130 4156 4160 4163 4194 5423 5427 5448 5450 5452 5459 5484 5489 5490 5493 5494 5496 5499 5530 5544 5545 5549 5550 5556 5559 5614 5616 5626 5633 5634 5637 5638 5639 5640 
11 1546 2349 3102 3111 3112 3113 3122 3123 3774 3776 3777 
6 1549 1550 1551 1552 1553 1608 
42 1554 1555 2337 2427 3949 3950 3954 3956 3960 3967 3974 3975 3976 3981 3983 3995 3999 4000 4001 4004 4021 4393 4394 4414 4429 4441 4442 4451 4453 4456 4469 4470 4471 4472 7518 7520 7522 7523 7528 7529 7620 7624 
40 1556 1558 2514 2665 7333 7334 7335 7339 7341 7342 7343 7349 7351 7352 7353 7357 7358 7360 7366 7369 7379 7380 7381 7382 7383 7384 7385 7386 7388 7389 7394 7396 7397 7401 7415 7417 7419 7420 7426 7427 
78 1559 1567 1834 2850 3201 3221 3225 3226 3839 3848 4045 5723 5726 5728 5729 5732 5734 5736 5737 5745 5754 5755 5758 5763 5879 5881 5892 5893 5894 5912 5913 5916 5978 5994 5995 5997 5998 5999 7938 7960 7961 7966 7971 7972 7973 7974 7975 7976 8062 8064 8065 8069 8094 8106 8570 8571 8572 8574 8576 8578 8579 8583 8584 8585 8586 8587 8588 8592 8608 8609 8610 8616 8626 8629 8632 8633 8637 8641 
4 1560 1561 1562 2370 
16 1563 1564 1565 1566 1568 1569 2382 2703 2706 2713 3025 3027 3030 3031 3032 4582 
19 1570 1571 1572 5839 5842 5843 5854 5856 5864 5885 5890 5891 5909 5910 5923 5928 5933 5934 5940 
92 1573 1574 1577 1719 2664 2845 2846 2855 2856 2857 2860 2862 2863 2871 5871 5872 5900 5901 5903 5904 6009 6010 6011 6016 6017 6020 6022 6027 6054 6056 6060 6061 6069 6081 6082 6085 6087 6098 6099 6100 6106 6109 6122 6190 6191 6193 6195 6205 6206 6207 6210 6214 6215 6220 6222 6223 6227 6232 6233 6278 6282 6287 6296 6297 6298 6299 6300 6301 6302 6309 6311 6312 6313 6314 7399 7400 7406 7408 7409 7410 7411 7412 7413 7414 7418 7448 7453 7454 7456 7466 7471 7473 
26 1575 1576 1578 1579 2506 2510 2513 4824 4825 4829 4830 4831 4832 4835 4843 4844 4845 4852 4854 4856 4857 4858 4859 4899 4908 4920 
22 1580 1581 1582 1593 2709 2710 2711 2835 2944 2945 6701 6702 6703 6705 7163 7168 7170 7179 7181 7204 7205 7208 
45 1583 1584 1585 1586 1587 1598 4638 4650 4652 4653 4654 4658 4660 4666 4667 4669 4670 4677 4683 4684 4685 4692 4693 4694 4695 5229 5235 5236 5237 5238 5240 5242 5258 5259 5261 5278 5283 5287 5288 5290 5291 5293 5300 5301 5309 
11 1588 1589 1590 1591 1592 1594 1595 1596 1597 1599 1822 
19 1600 1601 1602 1603 1604 2420 7185 7186 7187 7188 7191 7192 7195 7200 7201 7202 7203 7214 7215 
25 1605 1606 1607 1609 1610 1611 1612 1616 3033 4961 4983 4985 4990 4999 5001 5003 5004 5021 5023 5024 5030 5031 5034 5037 5043 
15 1613 1614 1615 2896 2900 2928 2929 2978 3219 3224 3232 3234 3239 3765 3769 
8 1617 1618 1619 1620 1621 1622 2841 5566 
56 1623 1624 1625 1627 1628 1629 1850 2939 2940 2947 2948 2949 2950 2954 2955 3641 3663 3669 3670 3671 3672 3674 3675 3676 3679 3681 3696 3697 3698 3699 3700 3714 3715 3718 3719 3722 3726 9732 9733 9734 9736 9737 9738 9744 9747 9749 9750 9751 9752 9753 9754 9756 9758 9773 9780 9781 
62 1626 1636 2492 2493 3077 3081 3085 3092 3098 3103 4113 4226 4243 4246 4272 4274 4276 4277 4279 4280 4281 4282 4284 4285 4286 4287 4290 4291 4296 4307 4309 4323 4324 4325 4326 4328 4331 4333 4336 4404 4407 4409 4410 4415 4416 4417 4418 4419 4420 4421 4447 4450 4452 4527 4535 8827 8829 8832 8842 8847 8848 8850 
24 1632 1633 1634 1635 2363 2728 4720 4743 4744 4749 4750 4752 4753 4755 4757 4790 4804 4846 4847 4849 4872 4874 4886 4889 
35 1637 1638 1639 1640 1641 1642 1643 1644 1728 3172 6333 6336 6337 6346 6347 6358 6363 6408 6413 6438 6453 6457 6469 6470 6471 6473 6474 6477 6478 6479 6480 6481 6486 6492 6519 
8 1645 1646 2499 2501 2800 2803 2819 3023 
13 1648 1649 1650 1651 1652 1654 2412 2413 2445 2446 9607 9611 9617 
30 1655 1656 1657 1658 1659 1660 1667 3026 3028 3029 3038 5477 5478 5479 5480 5481 5486 5502 5503 5506 5508 5509 5510 5511 5557 5558 7255 7262 7267 7268 
14 1661 1663 1664 1665 1669 1671 2534 5472 5473 5476 5483 5487 5488 5524 
31 1666 1668 1670 1672 1673 1674 1675 1681 3262 3263 3502 3783 3784 3785 3792 3793 4925 4926 4928 4930 4931 4932 4933 4940 5163 5168 5169 5171 5172 5182 5205 
36 1676 1677 1678 1679 2575 2707 2721 2723 3501 7035 7039 7040 7047 7048 7049 7051 7052 7055 7057 7058 7059 7060 7064 7065 7066 7067 7086 7134 7140 7146 7151 7153 7155 7193 7230 7231 
26 1682 1683 1684 1685 1686 2388 2509 2511 3134 3178 3180 3182 5215 5216 5217 5218 7001 7002 7003 7004 7008 7017 7019 7022 7025 7026 
13 1687 1688 1689 1690 1691 1693 1694 1698 3124 3177 4228 4229 4232 
41 1695 1696 1697 1699 1700 1714 2715 2716 2720 2910 2912 2921 2922 2923 2924 2926 4548 4549 4552 4929 4953 4954 4962 4964 4965 4966 8028 8029 8030 8052 8053 8056 8057 8058 9952 9957 9958 9959 9960 9961 9963 
14 1701 1702 2418 2419 3496 3497 3498 4370 4377 4474 4482 4483 4484 4487 
13 1703 1704 1705 1738 2481 2483 2608 2660 2661 6543 6544 6545 6547 
20 1706 1707 1708 1709 1710 1767 4648 4649 6881 6892 6912 6913 6914 6915 7344 7346 7347 7348 7359 7361 
57 1711 1712 1713 1715 1716 2953 2960 2963 2966 2967 5870 6319 6320 6321 6322 6326 6329 6330 6332 6334 6338 6340 6341 6345 6368 6369 6371 6375 6403 6404 6461 6731 6737 6738 6742 6769 6770 6775 6776 6784 6788 6790 6792 6794 6795 6801 6802 6810 6816 6817 6820 6821 6822 6828 6830 6839 6844 
4 1717 1718 1720 1775 
51 1721 1722 1723 3049 3406 5080 5081 5082 5087 5090 5091 5092 5094 5095 5097 5098 8958 8959 8975 8976 8985 8994 8995 9003 9004 9005 9006 9015 9017 9018 9019 9020 9043 9044 9045 9051 9078 9109 9116 9135 9140 9141 9782 9784 9793 9800 9893 9894 9897 9899 9909 
25 1724 1725 1726 1727 1729 1730 1731 1740 2490 3570 3572 3575 3592 3597 3598 3600 3601 3656 3678 3680 3682 3683 3701 3702 3707 
12 1732 1733 1734 1735 1736 1744 1796 3295 9854 9855 9857 9875 
7 1737 1739 1741 1742 1743 1745 2512 
27 1746 1747 1748 1749 1751 1752 1755 2383 6557 6933 6940 6945 6946 6949 6953 6958 6959 6962 6964 6965 6966 6967 6970 7007 7009 7011 7012 
14 1753 1754 1756 1757 1758 1759 1971 2500 2505 3416 4168 4169 4190 4499 
8 1760 1761 1762 1763 1764 1779 2189 4841 
18 1765 1766 1768 1769 1770 1790 2400 2749 2956 3738 3744 3753 3755 3756 3757 3758 3759 3763 
16 1771 1772 1773 1774 1776 1777 1781 2578 3885 3887 3890 3891 3892 3893 3896 3898 
22 1778 1780 1782 1783 1784 1786 1787 1788 1792 1798 4547 4550 4570 4571 9204 9222 9235 9245 9246 9307 9308 9326 
8 1785 1789 1791 1793 1799 3316 4146 4147 
46 1794 1795 1797 1800 1801 1802 3568 3584 4562 4564 4565 4566 4569 4572 4575 4577 4578 4579 4580 4581 4613 4615 5721 5722 5725 5727 8110 8114 8115 8116 8117 8122 8123 8145 8149 8158 8161 8164 8172 8191 8192 8193 8196 8198 8224 8226 
44 1803 1804 1805 1807 2729 2730 4722 4726 4730 4731 8147 8148 8150 8151 8152 8178 8180 8183 8188 8189 8190 8194 8195 8197 8201 8215 8216 8217 8218 8220 8227 8228 8234 8240 8242 8259 8260 8262 8267 8268 8269 8272 8273 8283 
10 1806 1808 1809 1811 1812 1813 1836 1840 2638 2826 
9 1814 1815 1816 1818 1819 1820 1821 2373 2563 
13 1817 1829 2395 4761 4762 4763 4764 4766 4769 4770 4772 4773 4784 
24 1823 1824 1825 3114 3115 3125 3126 4188 5105 5106 5107 5108 5110 5113 5116 5117 5118 5120 5121 8692 8694 8696 8699 8800 
23 1826 1827 1828 1848 4546 6664 6665 6666 6667 6671 6673 6674 6676 6677 6678 6679 6680 6681 6685 6696 6697 6699 6700 
17 1830 1831 1832 1833 1835 1837 1838 1839 1841 2391 6454 6458 6482 6483 6484 6485 6487 
40 1842 1843 1844 2339 3464 3469 3511 3526 3532 3947 3948 3951 5794 5795 7688 7689 7693 7694 7695 7799 7800 7801 7856 7857 7858 7860 7867 7868 7872 7876 7878 7880 7884 7888 7889 7923 7925 7963 7964 8002 
12 1845 1846 1847 1849 1851 1898 2532 2760 2761 2762 3067 3084 
40 1852 1853 1854 1856 1857 1858 1859 1860 1861 2379 3104 3106 3109 3110 3249 3255 3272 3273 3276 3277 3278 3279 3491 3492 3494 4278 6935 6960 6961 6971 6973 6974 6975 6999 7000 7013 7014 7015 7016 7018 
49 1855 2324 3119 3120 3952 3955 3963 3968 3969 3971 3973 3996 4022 4023 4024 4025 4027 4028 5176 5183 5185 5187 5198 5202 5204 5208 5210 5213 5214 6759 6760 6762 6765 6766 6768 6771 6773 6804 6805 6807 6808 6809 6812 6814 6825 6826 6886 7073 7074 
27 1862 1863 1864 1865 1866 1868 2444 3035 3041 8702 8707 8708 8709 8710 8711 8712 8715 8716 8718 8721 8901 8911 8912 8915 8916 8919 8932 
58 1867 1869 1870 1871 1872 1873 1874 2355 3294 3308 3315 3317 3320 3324 3325 3326 3380 3383 3403 5064 5065 5073 5482 5485 5492 5495 5501 5505 6559 6560 6562 6563 6565 6569 6576 6578 6579 6582 6583 6584 6587 6594 6600 6601 6604 6606 6607 6609 6613 6614 6617 6620 6633 6634 6635 6636 6637 6644 
44 1875 1876 1877 1878 1879 1881 1882 1884 2496 2515 2518 2519 2521 3407 3408 3410 3411 4172 4173 4174 4181 4182 4183 4313 4327 4329 4330 5812 5818 6086 6093 6094 6095 6111 7641 7646 7648 7806 7813 7814 7818 7820 7823 7824 
21 1880 2327 2462 2486 2487 2488 2491 2653 4374 4375 4389 4392 4465 4466 4467 4468 4473 6491 6493 6495 6496 
12 1885 1887 1888 2252 7444 7445 7447 7450 7451 7452 7455 7460 
33 1889 1890 1891 1892 1893 2080 4724 4725 4727 4728 4729 4732 4736 4737 4738 4740 5720 5733 5738 5740 5742 5743 5744 5746 5775 5779 5780 5781 5782 5784 5789 5797 5798 
29 1894 1895 1897 1899 1900 1901 1904 2433 2558 2763 2771 8556 8558 8561 8562 8645 8646 8670 8671 8672 8675 8770 8826 8833 8836 8838 8844 8845 8854 
73 1905 1906 1907 1908 1909 1910 1911 1912 2428 2429 2913 2915 2917 2918 4629 4630 4631 4636 4637 8035 8036 8163 8168 8202 8204 8207 8208 8221 8223 8225 8231 8233 8235 8239 8241 8249 8263 8264 8265 8278 8279 8280 8284 8287 8288 8292 8293 8294 8295 8296 8297 8302 8311 8315 8319 8321 8387 8393 8395 8396 9636 9637 9675 9680 9819 9828 9829 9830 9831 9840 9841 9842 9843 
78 1913 1914 1915 1916 1917 1918 1919 1950 5241 5247 5265 5266 5911 5917 5918 5922 5926 5927 8095 8101 8102 8103 8126 8141 8143 8146 8167 8173 8174 8175 8176 8200 8203 8214 8219 8222 8229 8230 8232 8237 8238 8407 8409 8411 8414 8417 8429 8431 8441 8445 8447 8450 8483 8485 8489 8536 8537 8538 8539 8540 8544 8566 8567 8569 8575 8580 8581 8582 8589 8590 8591 8593 8602 8603 8604 8611 8612 8623 
23 1920 1921 1922 2346 2347 2411 2414 2832 2833 2834 2838 2990 9933 9938 9944 9945 9946 9948 9977 9978 9981 9982 9983 
11 1923 1924 1952 2878 2880 2890 2892 2893 2894 2897 2898 
16 1925 1926 1927 1928 1929 3419 3422 3425 3431 3980 6271 6273 6279 6280 6290 6295 
5 1930 1931 1932 1966 4200 
13 1933 1934 1935 1936 1937 1938 2438 2705 3468 3772 7071 9998 9999 
23 1939 1940 3599 3607 3610 3833 3834 3835 3836 6897 6898 6899 6900 6901 6903 6904 6906 6908 6941 6942 6943 6944 6957 
27 1941 1942 1943 1944 1945 1946 1947 1948 3657 3659 3661 3662 3673 3684 3685 3687 3688 3689 3690 3693 3694 3695 3727 3729 3730 3731 3732 
43 1949 1951 1953 1954 2977 2981 2982 2985 5948 5959 6015 6018 6019 6021 6023 6026 6044 6048 6228 6229 6234 6236 6243 6244 6246 6250 6255 6256 6257 6259 6260 6274 6275 6277 6281 6292 6303 6304 6305 6308 6310 6317 6386 
22 1955 1956 1957 1960 1972 6434 6435 6436 6446 6448 6460 8162 8285 8308 8309 8310 8332 8355 8369 8371 8399 8400 
14 1959 1961 1962 1963 1988 4150 4154 4155 4488 4520 4521 4523 4524 4532 
12 1964 1965 1967 1968 1969 1970 1974 1979 2902 2903 2904 3822 
22 1973 1975 1976 1977 1978 1980 1981 2051 3884 3986 3987 3998 4003 4005 4006 4007 4009 4010 4988 4996 5032 5033 
10 1982 1983 1985 1986 2035 2551 2611 2613 4968 4970 
45 1987 1989 1990 1991 1992 2041 3337 3346 3349 3351 3353 4283 5671 5672 5681 5694 5695 5696 5697 5699 5704 5705 5706 5708 5716 5717 5718 5719 6420 6421 6422 6429 6430 6431 6432 6433 6440 6441 6442 6443 6445 6447 6451 6455 6456 
9 1993 1994 1995 1996 1997 1998 2360 2810 2818 
9 1999 2000 2001 2002 2003 2004 2005 2103 3912 
11 2006 2007 2010 2858 2869 3127 3131 4536 4538 4540 4541 
13 2008 2009 2011 2012 2013 2014 2016 2017 2022 2476 2479 2853 2854 
17 2015 2018 2019 2020 2028 2046 4922 4957 4958 4959 5046 5047 5048 5049 5050 5051 5052 
24 2021 2023 2024 2025 2026 2027 2029 2030 2031 2033 2039 2806 2807 2808 4337 4338 4349 4350 4590 4606 4607 4608 4609 4610 
4 2032 2034 2043 2179 
37 2036 2037 2040 2042 2044 2045 2047 2048 2049 2058 2639 2820 2821 5569 5596 5615 5627 5629 5644 5645 5873 5876 6573 6588 6589 6590 6602 6603 6605 6615 6628 6630 6631 6704 6708 6714 6719 
11 2050 2052 2054 2055 2062 2931 2972 3569 6848 6849 6853 
11 2053 2328 2736 2737 7218 7219 7222 7224 7225 7229 7232 
27 2056 2057 2059 2060 2061 2063 2064 2066 2068 2069 2070 2410 2647 3459 5649 5650 5652 5653 5655 5657 5658 5659 5660 5662 5663 5665 5667 
13 2071 2072 2073 2074 2205 2842 2844 3716 4982 4989 4994 4995 5022 
22 2075 2076 2077 2078 2079 2081 2082 2083 2084 2085 2086 2087 4542 4543 4599 4601 4612 4614 4621 4626 4627 4632 
22 2088 2089 2091 2092 2093 2094 2095 2307 4247 4248 4817 4818 4819 4820 4821 4823 4827 4834 4853 4862 4865 4866 
21 2096 2097 2098 2100 2138 5996 6007 9163 9165 9943 9947 9971 9974 9976 9979 9980 9991 9992 9993 9994 9995 
22 2099 2101 2102 2104 2325 2540 3019 3020 3021 3022 3034 3358 3359 3361 4294 4295 4297 6934 6936 6938 6939 6986 
13 2105 2106 2107 2109 2110 2111 2112 2113 2114 2115 2117 2877 2885 
22 2116 2118 2119 2120 2121 2122 2123 2126 2129 4292 4293 4358 4359 4360 4361 4362 4366 5069 5070 5071 5072 5077 
35 2124 2125 2127 2128 2130 2133 2562 2916 3036 3472 3474 3577 3578 3579 3580 3581 3582 3590 3591 3593 3594 3596 5656 5668 5678 5679 5680 5682 5684 5686 5687 5688 6306 6315 6316 
9 2131 2132 2134 2152 2546 2553 2790 2919 2920 
13 2135 2136 2139 2140 2141 2145 2403 3886 3894 3908 3911 6270 6276 
26 2142 2143 2144 2146 2147 2148 2149 2150 2151 2157 2539 2541 2542 2543 2544 2667 2689 2690 2699 3844 3845 4702 4704 4708 4714 4719 
47 2153 2154 2155 2156 2158 2159 2160 2161 2162 2169 2416 2421 3813 3814 7763 7764 7765 7770 7772 7782 7783 7808 7809 7810 7811 7812 7821 7822 7828 7834 7837 7847 7854 7855 9639 9640 9642 9643 9670 9671 9672 9673 9674 9683 9699 9703 9704 
8 2163 2617 3105 3372 3374 3375 3377 3379 
28 2164 2165 2166 2167 2168 2170 3269 3271 3274 3311 3312 3313 3318 3319 3321 3322 3329 8258 8261 8290 8291 8298 8299 8303 8304 8305 8306 8307 
45 2171 2172 2175 2474 2485 4090 6376 6377 6378 6380 6381 6382 6383 6388 6391 6392 6396 6397 6398 6399 6401 6410 6411 6416 6417 6418 6419 6437 6439 6449 6450 6459 6465 6466 6468 6472 8016 8018 8031 8032 8033 8038 8039 8041 8042 
8 2173 2174 2176 2326 6405 6407 6415 6462 
28 2177 2199 7308 7312 7321 7329 7331 7332 7336 7387 7477 7478 7479 7480 7481 7488 7521 7534 7535 7538 7540 7543 7585 7586 7589 7590 7597 7598 
56 2178 2180 2181 2182 2183 2184 2185 2186 2187 2190 2245 4528 4529 4530 4531 4533 4534 5641 5642 7490 7493 7498 7500 7506 7507 7512 7530 7531 7536 7537 7616 7617 7640 7650 7651 7658 7661 7664 7668 7670 7673 7674 7787 7846 7918 7919 7920 7921 7922 7936 7937 7939 7942 7943 7945 7946 
9 2188 2191 2192 2193 2352 2452 3181 4130 4131 
11 2194 2195 2196 2197 2198 2201 2907 2908 3011 4449 4454 
19 2200 2202 2207 2465 2489 2796 4008 5960 5962 5963 6002 6003 6004 6005 6006 6008 6035 6036 7762 
3 2203 2206 2520 
6 2204 2208 2224 3005 3006 3007 
76 2209 2211 2213 2214 2223 2564 2861 2870 2872 2873 3071 3073 3487 3488 3489 3549 3557 3560 3561 8325 8326 8327 8335 8337 8338 8340 8341 8347 8365 8366 8368 8598 8613 8617 8618 8642 8647 8648 8653 8654 8657 8658 8660 8664 8679 8680 8682 8685 8686 8747 8756 8758 8759 8761 8762 8763 8765 8768 8769 8779 8790 8798 8801 8802 8806 8809 8816 8818 8820 8824 8825 9032 9034 9035 9037 9177 
18 2212 2215 2216 2217 2218 2219 2220 2684 2686 2695 2712 2714 3927 3932 3933 3988 4002 4029 
52 2221 2222 2225 2318 3333 3341 3342 3343 3345 3364 3376 3387 3388 3390 3394 3396 3400 3401 3404 3517 3527 3571 3574 3576 3602 3667 3668 3750 3754 4386 8104 8105 8107 8109 8165 8166 8401 8404 8405 8406 8408 8410 8412 8413 8415 8416 8418 8419 8420 8436 8437 8438 
8 2226 2227 2228 2229 2276 2571 2708 2746 
15 2230 2231 2232 2233 2234 2235 2236 2237 2238 2255 2798 4301 4302 4303 4304 
7 2239 2240 2241 2242 2243 2244 2482 
12 2246 2247 2248 2249 2250 2251 2253 2254 2256 2973 7631 7638 
22 2257 2258 2259 2260 2261 2262 2267 2273 2434 5676 5677 5683 5685 5689 5690 5691 5692 5693 5698 5700 5701 5702 
10 2263 2264 2265 2345 2389 4505 4506 4509 4514 4519 
24 2266 2268 2269 2270 2272 2502 2504 5855 5895 5896 5897 5898 5899 5902 5929 5930 5931 5936 5937 5938 5941 5942 5953 7977 
43 2271 2274 2531 3418 3421 3424 3426 3428 5468 5469 5553 5554 6065 6068 6071 6072 6073 6084 6089 6092 6104 6110 6116 6117 6118 6152 6153 6155 6156 6157 6158 6163 6166 6167 6168 6174 6176 6178 6179 6184 6186 6187 6188 
38 2275 2277 2278 2279 2280 2569 2570 3558 3566 3567 4310 4311 4312 5276 5321 5322 5323 5334 5335 5336 5357 5358 5366 5368 5371 5372 5379 5380 5381 5382 5384 5391 5400 5401 5402 5404 5405 5406 
127 2282 2283 2284 2285 2286 2287 2292 4352 4353 4369 5470 5471 5538 5539 5540 5541 5542 5546 5547 5548 5560 5561 5562 5563 5564 5570 5571 5577 5578 5579 5580 5584 5585 5588 5593 5594 5595 5601 5609 5613 5617 5618 5619 5622 5623 5624 5625 5628 8921 8922 8923 8925 8929 8930 8935 8936 8937 8938 8939 8981 8982 8983 8984 8986 8987 8988 8989 8990 9002 9007 9010 9012 9117 9119 9123 9125 9132 9161 9162 9167 9168 9170 9174 9176 9179 9181 9192 9194 9195 9219 9248 9249 9250 9255 9261 9262 9263 9264 9265 9266 9268 9274 9277 9280 9282 9283 9284 9286 9296 9301 9303 9304 9305 9321 9322 9323 9327 9328 9334 9336 9337 9370 9376 9377 9378 9388 9393 
15 2288 2289 2290 2293 4665 4671 4676 9739 9745 9746 9748 9755 9757 9765 9766 
6 2291 2294 2295 2296 2297 2340 
33 2298 2299 2310 2495 2503 4032 4033 4035 4038 7677 7678 7679 7680 7681 7746 7748 7766 7767 7768 7769 7771 7773 7774 7775 7776 7778 7779 7780 7781 7897 7900 7903 7905 
14 2300 2301 2303 5491 5497 5523 5525 5526 5543 5551 5552 5555 5565 5568 
9 2302 2304 2305 2306 2309 2312 3184 3187 3188 
14 2308 2311 2313 2315 2316 2317 2319 2320 2321 2369 2994 2995 2999 9444 
22 2322 2323 2341 2436 4448 4458 4459 4496 4498 9502 9518 9519 9520 9521 9522 9523 9526 9528 9529 9550 9551 9558 
