26 0 1 2 3 4 5 6 7 8 9 10 11 12 13 14 15 16 17 18 19 21 655 4212 4885 4890 4891 
31 20 22 23 24 25 26 27 28 29 30 31 32 33 4053 4758 4777 4791 7963 7968 7969 7992 7994 7998 7999 8005 8006 8010 8023 8024 8040 8047 
61 34 35 36 37 38 39 40 41 42 43 44 46 47 48 50 54 60 485 4022 4435 9087 9088 9092 9095 9096 9102 9105 9111 9112 9113 9116 9118 9135 9147 9148 9149 9150 9155 9157 9162 9165 9168 9171 9172 9176 9200 9201 9202 9236 9237 9238 9241 9244 9246 9247 9248 9510 9515 9516 9525 9527 
18 45 49 51 52 53 55 56 57 58 59 61 62 63 93 4346 8016 9399 9400 
38 64 65 66 67 68 69 70 71 769 5378 5382 5386 5387 5395 7052 7055 7057 7059 7066 7068 7090 7091 7096 7100 7101 8717 8718 8720 8726 8730 8736 8740 8744 8748 8822 8845 8848 8849 
16 72 73 74 75 77 2256 4060 4782 4783 5250 5256 5320 5333 5342 5347 5352 
37 76 78 79 80 81 82 83 84 85 86 263 7071 7076 7083 7084 7088 7089 7093 7108 7109 7110 7111 7113 7116 7117 7123 7125 7127 7128 7130 7131 7132 7133 7136 7138 7177 7181 
16 87 88 89 90 91 92 94 95 96 97 98 99 227 4098 8218 8220 
21 100 101 102 103 104 105 106 107 108 109 113 2061 5880 5887 6419 6435 6438 6444 6451 6452 7353 
13 110 111 112 114 115 116 117 118 119 120 121 122 1208 
54 123 124 125 126 186 4383 4384 4385 4392 4403 6102 6105 6108 6110 6113 6157 6158 6249 6251 6253 6257 6258 6259 6261 6264 6270 6271 6272 6298 6304 6305 6306 7813 7818 9217 9220 9222 9224 9225 9227 9228 9229 9230 9231 9249 9250 9253 9254 9256 9259 9260 9263 9283 9284 
12 127 128 129 130 131 132 133 134 135 285 4461 4466 
79 136 137 138 139 140 141 142 143 144 145 146 147 148 149 197 1090 6078 6084 8836 8868 8885 8893 8900 8906 8909 8915 8931 8935 8942 8943 8946 8974 8993 9033 9047 9048 9052 9539 9541 9543 9552 9553 9576 9577 9581 9584 9587 9590 9592 9594 9596 9599 9600 9605 9675 9676 9679 9686 9687 9690 9693 9699 9700 9703 9704 9705 9748 9749 9750 9751 9752 9875 9896 9898 9899 9909 9916 9929 9931 
29 150 151 152 153 154 155 157 158 159 160 161 162 163 164 165 166 167 168 170 178 183 268 5134 5135 5137 5140 5142 5145 5148 
17 156 169 171 172 173 174 175 176 177 179 180 267 303 4054 4057 4898 4906 
16 181 182 184 185 187 188 189 190 191 192 196 383 4526 4700 4701 4705 
26 193 194 195 198 199 200 201 202 203 212 6770 6771 6772 6774 6776 6777 6984 6989 6990 6994 7028 7037 7397 7399 7423 7430 
15 204 205 206 207 208 209 210 214 215 216 250 5012 5023 5029 5033 
62 211 213 217 218 219 220 221 222 223 224 225 226 329 4166 4217 4592 4642 4753 4894 4897 4901 4902 4903 4904 4907 9015 9016 9017 9024 9037 9039 9041 9069 9076 9077 9082 9094 9097 9098 9099 9100 9101 9103 9104 9106 9107 9108 9115 9117 9120 9121 9142 9143 9164 9166 9175 9773 9822 9826 9844 9848 9851 
9 228 229 230 231 232 233 234 241 490 
24 235 236 237 238 239 240 242 243 244 245 246 247 259 4246 4256 5891 5892 5894 5896 5897 9114 9119 9122 9123 
14 248 249 251 252 253 254 255 256 257 258 260 279 4204 4434 
25 261 262 264 265 266 269 3717 4626 4633 4706 4722 4725 4874 4877 4880 5111 5112 6634 6636 6637 6644 6649 6655 6685 7415 
24 270 271 272 273 274 275 276 277 278 283 297 3426 4810 5002 5004 5005 5006 5026 5028 5048 5060 5063 5064 5889 
7 280 281 282 284 286 287 289 
32 288 290 291 292 293 294 295 296 298 299 300 301 302 304 305 306 307 308 309 310 311 312 325 4105 4109 4335 4410 4418 5042 5044 5556 5558 
46 313 314 315 316 317 318 319 320 321 322 323 324 326 327 328 330 4439 4442 4450 9631 9632 9635 9636 9642 9647 9650 9651 9653 9671 9823 9825 9828 9832 9833 9837 9839 9841 9843 9854 9855 9904 9905 9906 9908 9910 9911 
17 331 332 333 334 335 336 337 338 339 340 341 342 343 344 387 6804 6805 
19 345 346 347 348 349 350 351 352 353 354 355 356 357 358 359 360 361 402 4409 
16 362 363 364 366 508 4090 4091 4244 4524 4528 6677 6681 6682 6686 6688 6692 
41 365 367 368 369 370 371 372 373 374 375 450 4040 4169 4237 5848 5850 5851 5854 5855 5856 5859 7831 7835 7838 7842 7844 7845 7847 7852 7860 7876 7883 7889 7892 7988 7989 8001 8003 8004 8008 8009 
38 376 377 378 379 380 381 382 384 385 534 4281 7179 7180 7183 7218 7219 7227 7228 7229 7230 7233 7241 7268 7269 7271 7273 9852 9891 9893 9894 9897 9903 9907 9917 9935 9936 9953 9956 
68 386 388 389 390 391 392 393 394 395 396 397 449 4142 4288 4292 4296 4462 4463 4464 4600 4603 4604 4621 4631 6872 6873 6899 6910 6916 6925 6930 6931 6941 6943 6977 7009 7012 7016 7017 7018 7020 9022 9034 9042 9043 9046 9049 9050 9181 9182 9183 9184 9189 9199 9208 9211 9212 9215 9218 9240 9242 9245 9297 9307 9310 9311 9313 9314 
27 398 399 400 401 403 404 405 406 407 408 409 410 411 412 4657 4663 4669 4671 5554 5555 5557 5560 5561 5563 5564 5565 5566 
54 413 414 415 416 417 418 419 424 4831 4832 4844 7047 7054 7056 7058 7063 7070 7077 7079 8026 8027 8028 8034 8035 8037 8039 8054 8057 8062 8067 8070 8071 8072 8076 8078 8086 8090 8094 8095 8096 8097 8557 8558 8560 8563 8569 8570 8648 8685 8693 8695 8702 8743 8745 
16 420 421 422 423 425 426 427 428 429 430 431 432 433 434 463 4714 
31 435 436 437 438 439 440 441 442 443 444 445 446 451 3301 4458 6295 6296 6324 6356 6358 6363 6365 6366 6367 6373 6374 6375 6383 6387 6389 6391 
7 447 448 452 481 4386 4388 4390 
27 453 454 455 456 457 458 459 460 461 470 4239 4326 5717 5718 5735 5736 5739 5740 6138 6149 6150 6154 6180 6184 6186 6718 6747 
27 462 464 465 466 467 468 469 471 472 474 587 4235 5346 5353 5358 6099 6101 6104 6111 6141 6145 6146 6147 6159 6161 6163 6166 
30 473 475 476 477 478 479 480 482 483 484 486 487 488 489 491 501 1355 7194 7195 7196 7198 7199 7200 7201 7202 7213 7215 7254 7255 7259 
33 492 493 494 495 496 497 635 7895 7897 7902 7916 7918 7920 7922 7925 7935 7938 7942 7943 7946 7947 7948 7952 7964 7966 7967 7971 7973 9185 9187 9196 9197 9198 
13 498 499 500 502 503 504 505 509 518 4469 4470 4718 4721 
56 506 507 510 511 514 613 4529 4546 4548 4563 4976 4978 4981 4984 4985 4988 5838 6275 6277 6281 6284 8749 8751 8754 8755 8756 8762 8772 8773 8776 8777 8825 8827 8828 8831 8833 8834 8835 8847 8853 8854 8857 8860 8862 8865 8873 8876 8877 8880 8883 8887 8888 8894 8895 8896 8897 
40 512 513 515 516 517 519 722 4112 4116 4118 4136 4196 4498 4502 4504 4506 4518 4532 4876 5687 5694 5696 5699 5704 5706 5707 5710 5726 5728 5729 5737 5743 5857 5866 5868 5869 5870 5871 5872 5873 
15 520 521 522 523 524 525 526 527 528 529 530 531 532 4451 4452 
11 533 535 536 537 538 539 557 2237 4488 9774 9795 
31 540 541 542 543 544 545 546 547 548 549 550 551 552 553 554 558 4037 4041 4089 6411 6412 6413 6421 6423 6425 6426 6434 6436 6439 6443 6453 
12 555 556 559 560 561 562 563 4786 4788 5046 5281 5286 
24 564 565 566 567 568 569 570 571 572 573 577 658 4093 4104 4119 4332 5082 5085 5091 5092 5095 5103 5104 5105 
29 574 575 576 578 579 580 582 5580 5582 5583 5597 5604 5649 5651 5653 5693 5698 5705 5905 5906 5907 5911 5914 8994 9006 9008 9010 9013 9014 
18 581 583 584 585 586 588 589 590 591 592 3289 4194 4202 4206 4211 4215 5753 5755 
43 593 594 595 596 597 598 599 600 601 602 603 604 605 606 607 608 609 610 611 612 614 615 616 617 620 621 5418 5419 5421 5804 5810 5811 5812 5819 5823 5836 6042 6919 6929 6966 6967 6973 6974 
28 618 619 622 623 624 625 626 627 628 629 630 634 677 4552 6703 6705 6735 6736 6751 6752 6753 6759 6857 6858 6859 6860 6865 6869 
51 631 632 633 636 637 638 639 640 641 643 4391 4395 4740 4742 4747 4748 5767 5875 5882 5885 8229 8241 8243 8250 8251 8256 8266 8277 8278 8283 8287 8288 8349 8409 8413 8416 8417 8418 8419 8431 8546 8684 8686 8688 8690 8694 8696 8697 8733 8738 8739 
6 642 644 645 646 647 1168 
44 648 649 650 651 652 653 654 656 657 659 660 661 662 679 5201 5203 5206 5207 6290 6291 6297 6302 6303 6307 6308 6310 6314 6318 6319 6322 6326 6334 6335 6342 6346 6349 6354 7877 7881 7887 7888 7890 7896 7901 
47 663 664 665 666 667 668 669 670 671 672 673 674 675 676 678 680 681 682 683 684 685 688 4174 4175 4478 5913 6866 6871 6874 6877 6878 6922 6961 6963 6964 6965 6969 6972 6988 6991 6992 6997 6998 7001 7003 7004 7005 
12 686 687 689 690 691 692 693 694 724 922 4499 4519 
54 695 696 697 698 2179 4641 4656 4658 6360 6945 6946 6960 6962 8633 8643 8645 8649 8652 8659 8661 8665 8681 8703 8704 8705 8706 8709 8711 8712 8752 8753 8757 8759 8760 8761 8765 8767 8769 8774 8783 8788 8789 8790 8792 8793 8794 8823 8824 8826 8829 8832 8837 8842 8852 
34 699 700 701 702 703 704 705 706 707 708 709 710 711 712 731 6165 6325 6331 6332 6337 6340 6341 7073 7078 7087 7094 7095 7098 7102 7112 7155 7157 7158 7159 
23 713 714 715 716 717 718 719 720 721 723 725 726 4293 4596 6128 6129 6131 6136 6140 6144 6148 6151 6153 
13 727 728 729 730 732 733 734 735 736 737 738 1858 4620 
30 739 740 741 742 743 744 745 746 747 748 749 750 751 752 753 754 755 756 757 764 2620 4811 4819 4820 4839 4840 6088 6089 6090 6098 
31 758 759 760 761 762 763 765 766 767 768 770 771 772 773 774 775 776 777 778 779 780 781 782 784 1466 4602 4610 4611 4613 4614 4623 
13 783 785 786 787 788 789 790 791 792 795 804 815 4803 
18 793 794 796 797 798 799 800 801 806 826 8073 8077 8080 8082 8089 8091 8092 8093 
30 802 803 805 807 808 809 810 811 812 813 814 816 817 818 819 820 838 897 5245 5246 6052 6054 6055 6061 6063 6067 6073 6076 6077 6082 
20 821 822 823 824 825 827 828 829 841 4265 4622 4627 5366 5374 5380 5385 5389 5390 5396 8518 
47 830 831 832 833 834 835 836 837 839 840 842 1622 4147 4673 7782 7793 7794 7795 7796 7799 7801 7804 7805 7806 7815 7819 7822 7825 7829 7840 7843 7849 7850 7856 7861 7862 7863 7866 7872 7875 7903 7905 7906 7907 7910 7911 8048 
21 843 844 845 846 847 849 915 5434 5437 5438 5441 5442 5525 5529 5532 5535 5536 5537 5542 5543 5545 
35 848 850 851 852 853 854 855 856 857 858 1076 4932 4933 4937 9025 9028 9030 9032 9035 9036 9045 9056 9058 9059 9065 9073 9074 9078 9079 9083 9085 9090 9091 9093 9210 
95 859 860 861 862 863 864 865 866 867 868 869 1265 4280 4283 5511 7204 7205 7206 7209 7216 7221 7222 7224 7231 7247 7249 7250 7253 7257 7264 7265 7266 7267 7272 7281 7295 7297 7305 7307 7310 7312 7320 7326 7361 7366 7370 7371 7379 7380 7381 7382 7383 7384 7386 7390 7392 7394 7395 7400 7403 7405 7406 7407 7409 7418 7419 7428 7429 7431 7432 7435 7444 7449 7451 7452 7454 7456 7475 7476 7482 7488 7490 7492 7493 7497 7498 7501 7504 7518 8233 8237 8238 8239 8240 8242 
33 870 871 872 873 874 902 4249 4251 4254 4358 4369 4457 4474 4479 8519 8520 8598 8607 8610 8611 8612 8613 8614 8616 8621 8629 8636 8637 8638 8639 8640 8641 8674 
19 875 876 877 878 879 880 881 882 883 884 885 886 887 888 889 4230 4926 4929 4931 
18 890 891 892 893 894 895 896 898 899 900 927 6376 6379 6380 6382 6390 6392 6424 
31 901 903 904 905 906 907 908 909 910 911 912 913 914 916 917 918 919 920 921 923 924 925 926 928 929 930 931 932 2248 4137 4138 
16 933 934 935 936 937 938 939 940 941 972 1438 4110 4918 4921 5324 5326 
27 942 943 944 945 946 947 949 950 4183 4766 6814 6824 7547 7550 7557 7572 7593 7597 7598 7600 7601 7613 7615 7616 7618 7619 7620 
31 948 951 952 953 954 955 959 1400 4405 4406 4566 4568 4570 5030 5032 7917 7923 7924 7929 7931 7932 7936 7950 8030 8031 8032 8033 8084 8085 8087 8088 
22 956 957 958 960 961 4127 4286 5708 5719 5721 5759 5760 5762 5764 5765 5766 5771 5773 5781 5788 6826 6864 
64 962 963 964 965 966 967 968 969 1096 4490 4491 5039 5040 6103 8710 8719 8722 8723 8725 8727 8728 8734 8741 8770 8775 8779 8786 8798 8802 8809 8812 8818 8819 8840 8844 8846 8850 8855 8856 8858 8861 8863 8864 8866 8870 8871 8879 8881 8920 8921 8923 8929 8930 8933 8936 8937 8947 8951 8953 8954 8955 8968 8991 8995 
24 970 971 973 1004 4241 4242 4327 4594 4607 4609 6285 6594 6614 6618 6619 6620 6630 6632 6646 6647 8134 8615 8617 8619 
9 974 975 976 977 978 979 4645 4683 4687 
33 980 981 982 983 984 985 986 987 988 989 990 991 992 993 994 995 996 997 1017 4033 5521 5523 6190 6191 6244 6247 6250 6252 6254 6255 6320 6321 6327 
11 998 999 1000 1001 1002 1003 1012 3683 4150 5402 5407 
43 1005 1006 1007 1008 1009 1010 1011 1013 1014 1015 1016 1018 1024 1065 2107 4219 4227 4234 6562 6567 6569 6571 6573 6575 9389 9392 9393 9394 9436 9439 9450 9452 9453 9454 9456 9461 9462 9465 9467 9473 9608 9609 9621 
17 1019 1020 1021 1022 1023 1025 1026 1027 1028 1029 1031 4092 4886 4887 4888 4893 4895 
34 1030 1032 1033 1034 1035 1036 1037 1038 1039 1040 1041 1042 1043 1044 1045 1046 1047 1048 1049 1050 1051 1052 1053 1054 1055 1056 1057 1070 4448 4449 4586 4597 4617 4715 
22 1058 1059 1060 1061 1062 1063 1064 1066 1067 1068 1069 1071 1072 1073 1074 1092 4407 4838 5356 5369 5426 5428 
13 1075 1077 1078 1079 1080 1081 1082 1083 1084 1100 4989 5408 5409 
19 1085 1086 1087 1088 1089 1091 1093 1094 1095 1097 1098 1099 1101 1259 5904 6323 6344 6351 6355 
28 1102 1103 1104 1105 1106 1107 1108 1109 1110 1115 2266 4108 4857 7553 7555 7556 7558 7564 7575 7577 7580 7581 7582 7583 7584 7586 7596 7599 
50 1111 1112 1113 1114 1116 1117 1118 1119 1120 1121 1122 1123 1124 1125 1126 1131 1132 2400 7006 7007 7008 7014 7015 7021 7024 7033 7327 7330 7332 7333 7335 7342 7349 7350 7351 7352 7357 7359 7360 7362 7363 7364 7365 7373 7374 7376 7377 7387 7388 7391 
44 1127 1128 1129 1130 1133 1135 1136 1137 1138 1139 1140 1144 1235 1720 4509 4513 4515 4516 4522 7747 7748 7751 7753 7755 7756 7758 7759 7760 7764 7765 7771 8064 8099 8101 8104 8108 8111 8112 8118 8119 8155 9406 9407 9408 
30 1134 1141 1142 1143 1145 1146 1147 1148 1149 1150 1151 1152 1153 1157 4120 4785 4798 4804 4808 4818 4824 4826 4834 6708 6713 6754 6755 6756 6758 6762 
35 1154 1274 4107 4130 4132 4571 4574 4576 4581 4583 5045 5087 5089 5090 5093 5094 5895 5902 5903 6563 6572 6576 6617 7318 7322 7324 7329 7331 7334 7336 7339 7341 7368 7372 7378 
27 1155 1156 1158 1159 1160 1161 1162 1163 1164 1165 1166 1167 1169 1170 1171 1172 1173 1174 1176 4272 4275 4282 4750 4751 4752 4754 6056 
36 1175 1177 1178 1187 1819 4117 4121 4122 4584 4589 4591 5637 5639 5641 5669 5675 5679 5682 5683 5684 5688 5690 6404 6405 6409 6410 6414 6417 6422 7282 7283 7284 7293 7294 7298 7299 
23 1179 1180 1181 1182 1183 1184 1185 1186 1199 4350 4355 4356 4815 4823 4841 4850 4852 8941 8944 8945 8959 8962 8963 
44 1188 1189 1190 1191 1192 1193 1194 1195 1196 1197 1198 1200 1201 1202 1203 1204 1205 1206 1207 1209 1210 1211 1212 1213 1220 1232 4220 4982 4994 4995 6706 6707 6710 6711 6714 6726 6727 6732 6733 6734 6740 6793 6794 7928 
28 1214 1215 1216 1217 1218 1219 1221 1222 1223 1224 1225 1226 1227 1228 1229 1230 1231 1233 1234 1236 1251 4058 4088 4867 4869 6600 6601 6612 
61 1237 1238 1239 1240 1241 1242 1243 1244 1245 1246 1247 1248 1255 1421 4075 4076 4447 7459 7466 7468 7469 7471 7474 7484 7503 7509 7512 7513 7516 7521 7522 7524 7525 7526 7528 7545 7546 7561 7659 7660 7662 7854 7855 7869 7870 7878 7914 8021 8029 8036 8038 8042 8045 8046 8049 8051 8053 8058 8059 8060 8061 
31 1249 1250 1252 1253 1254 1256 1257 1258 1260 1261 1262 1263 1264 1266 1267 1271 4284 4285 4289 4416 4420 4919 4922 4923 4924 4959 4970 4979 4980 8307 8315 
17 1268 1269 1270 1272 1273 1275 4319 4320 4371 4374 4376 4849 4851 4856 5444 5447 5457 
27 1276 1277 1278 1279 1280 1281 1282 1283 1284 1285 1286 1287 1288 1291 6534 6581 6596 6597 6606 6608 6609 6611 6616 6624 6625 6626 7669 
60 1289 4261 4512 4521 4533 4534 4535 4537 4538 4562 4565 4582 4708 6183 6185 6188 6192 6193 6198 6199 6206 6208 6209 6210 6213 6240 6241 6245 6704 6712 6898 6902 6912 6913 6920 6921 6923 6924 6926 6928 6948 6949 6951 6953 6956 6959 6968 6970 7022 7026 7029 7031 7032 7034 7035 7036 7040 7043 7097 7099 
29 1290 1292 1293 1294 1295 1296 1297 1298 1299 4095 7053 7060 7061 7062 7065 7072 7075 7129 7134 7135 7146 7148 7160 7162 7170 7175 7176 7182 7185 
28 1300 1301 1302 1303 1304 1305 1306 1307 1308 1309 1310 1311 1312 1313 1314 1317 3798 4026 5014 5017 5018 5021 5022 5024 5025 5027 5754 5756 
6 1315 1316 1318 1319 4218 4257 
14 1320 1321 1322 1323 1324 1325 1326 1327 1328 1379 4125 7576 7578 7579 
38 1329 1330 1331 1332 1333 1334 1335 1336 1337 1338 1339 1340 1341 1343 1457 5910 5920 5922 5923 5926 5939 5940 5941 5942 5944 5945 5952 6460 6462 6477 6478 6501 6504 6508 6589 6593 6595 6607 
32 1342 1344 1345 1346 1347 1348 1349 1350 5047 5239 5251 5252 5259 5260 5288 5291 5294 5301 5317 5319 5335 5338 5370 5373 5375 5377 5379 5384 5406 5411 5413 6598 
16 1351 1352 1353 1354 1356 1357 1358 1359 1360 1361 1362 1363 1365 1371 7693 7706 
15 1364 1366 1367 1368 1369 1370 1374 7698 7699 7700 7714 7717 7718 7719 7754 
22 1372 1373 1375 1376 1377 1378 1380 1381 1382 1383 1384 1385 1386 1387 1388 1401 4704 4707 4709 4711 4716 4717 
37 1389 1390 1391 1392 1393 1394 1395 1396 1397 1399 1403 4066 4430 4431 4432 5159 5163 5174 5182 5808 5809 5840 5841 5844 5845 6487 6500 6506 6512 6517 6532 6539 6540 6541 6545 6570 6574 
20 1398 1402 1404 1405 1406 1407 1408 1409 1410 1411 1412 1413 4055 4103 5110 5161 5167 5169 5170 6459 
39 1414 1415 1416 1417 1418 1419 1420 1422 1423 1424 1425 1426 1427 1428 1429 1430 1431 1432 1433 1434 1451 1738 4143 4148 4674 4675 4677 4678 4680 4682 4685 4693 4697 6662 6667 6669 6675 6742 6744 
20 1435 1436 1437 1439 1440 1441 1442 1443 1444 1445 6057 6060 6064 9264 9269 9271 9272 9275 9277 9279 
8 1446 1447 1448 1449 1450 1452 1453 1487 
20 1454 1455 1456 1458 1459 1460 1461 1462 1463 1464 1465 1467 1468 1469 1476 7686 7687 7688 7691 7697 
10 1470 1471 1472 1473 1474 1475 1477 1479 4044 4294 
11 1478 1480 1481 1482 1483 1484 1485 1486 1488 1489 1781 
30 1490 1491 1492 1493 1494 1495 1496 1497 1498 1499 1500 1501 1502 1503 1504 1505 2941 4741 4744 4745 4746 4914 4915 4916 4934 4935 4941 4944 4948 4953 
36 1506 1507 1508 1509 1564 3622 3941 4082 4193 4551 4553 5178 5180 5181 5183 5186 5955 5957 5960 5961 5962 5967 5971 5973 5974 5977 5978 5980 5982 5984 5990 6031 6034 8248 8252 8261 
27 1510 1511 1512 1513 1514 1515 1516 1517 1518 1519 1520 1521 1522 1523 1524 1525 2633 5096 6393 6394 6397 6399 6406 6981 6982 6983 6985 
24 1526 1527 1528 1529 1530 1531 1532 1533 1534 1535 1536 1537 1627 5986 5988 5989 6002 6006 6007 6008 6010 6012 6014 6023 
43 1538 1539 1540 1541 1542 1543 1544 1545 1546 1547 1782 4178 4328 4329 4338 4501 4503 4507 5118 5125 5126 5127 5152 5154 5189 5191 5197 5212 5215 5227 5233 5234 5237 5275 5282 5287 5292 5293 5318 5321 6721 6722 6731 
44 1548 1549 1550 1551 1552 1553 1554 1664 4224 4559 5102 6189 6200 6204 6215 6216 7443 7445 7446 9262 9265 9266 9268 9273 9274 9276 9278 9287 9377 9378 9381 9383 9401 9403 9474 9476 9481 9482 9485 9492 9494 9496 9524 9531 
51 1555 1556 1557 1558 1559 1560 1561 1562 1565 4038 4039 4354 5569 5572 5598 5628 5652 5668 5671 5676 5680 5711 5722 5723 5747 5750 5751 5786 5794 6116 6119 6120 6123 6124 6130 6202 6203 6218 6219 6226 6233 6236 6237 6256 6262 6265 8219 8221 8224 8228 8231 
39 1563 1567 1568 1569 1570 1571 1572 1573 1575 1576 1577 1578 1579 1580 1581 1582 1583 1584 1585 1690 4842 4847 6106 6107 6112 6114 6115 6117 6118 6122 6126 6133 6135 6139 6142 6143 7505 7506 7507 
17 1566 1574 1586 1587 1588 1589 1590 1591 1592 1593 1594 1595 1596 1600 1681 7439 7441 
34 1597 1598 1599 1601 1602 1603 1604 1605 1606 1608 2548 5008 5052 5054 5057 6867 6868 6971 6978 6979 6986 6995 6996 6999 7002 7010 7011 7013 7027 7030 7140 7143 7144 7145 
41 1607 1609 1610 1611 1612 1613 2231 4156 4159 4162 5035 5068 5074 7563 7567 7571 7574 9886 9925 9930 9932 9933 9937 9942 9946 9952 9955 9959 9960 9961 9966 9968 9971 9972 9973 9976 9978 9980 9989 9998 9999 
20 1614 1615 1616 1617 1618 1619 1620 1621 2447 4102 4151 4158 4419 4421 4423 4952 4967 4968 4969 4971 
61 1623 1624 1625 1626 1628 1629 1630 1631 1632 1633 1634 1635 1637 1649 1695 4139 4365 4495 4505 4510 6274 6286 6288 6289 6311 6313 6317 9479 9490 9495 9497 9499 9501 9528 9529 9530 9535 9545 9546 9548 9549 9550 9554 9562 9563 9565 9566 9573 9667 9670 9674 9678 9681 9684 9688 9689 9694 9695 9702 9708 9710 
35 1636 1638 1639 1640 1641 3435 4024 5132 6454 6455 6457 6461 6463 6464 6465 6466 6468 6476 6486 6491 6492 6503 6505 6507 6509 6516 6526 6527 6528 6529 6580 6583 6585 7790 7792 
37 1642 1643 1644 1645 1646 1647 1648 2651 3536 4191 4192 8474 8478 8597 8603 8604 8605 8606 8647 8651 8660 8662 8663 8677 8678 8679 8787 8796 8797 8800 8806 8810 8889 8892 8910 8911 8912 
51 1650 1651 1653 4019 4542 4544 4545 4549 4550 5187 5188 5193 5194 5323 5325 5327 5397 8308 8310 8313 8314 8336 8337 8404 8405 8407 8411 8426 8428 8429 8432 8455 8463 8496 8502 8516 8521 8524 8525 8551 8565 8566 8567 8568 8572 8577 8578 8579 8584 8585 8594 
77 1652 1654 1655 1656 1657 1658 1659 1660 1661 1662 1663 4628 4630 5415 5416 5417 5420 5423 5425 5429 5430 5431 5433 5435 5461 5465 5468 5471 5480 8965 8967 8971 8976 8977 8982 8983 8985 8986 8987 8996 9001 9020 9044 9054 9057 9060 9063 9064 9067 9070 9405 9622 9658 9659 9660 9661 9666 9668 9669 9672 9673 9677 9680 9682 9683 9685 9691 9692 9696 9697 9698 9714 9718 9719 9726 9729 9731 
13 1665 1666 1667 1668 1670 4666 4684 4686 4690 4691 6174 6181 6187 
35 1669 1671 1672 1673 1674 1675 1676 1678 3104 4300 4345 4593 7945 7953 7955 7958 7959 7962 7965 7970 7978 7990 7991 7995 7996 7997 8000 8002 8011 8013 8017 8018 8019 8022 8025 
41 1677 1679 1680 1682 1683 1684 1685 1686 1687 1688 1689 1691 1692 1693 1694 1698 1921 4144 4146 4359 4360 4362 4367 4368 5701 5702 5703 5709 5712 5713 5714 5715 5716 5720 5724 5725 5731 5734 5738 5749 5752 
35 1696 1697 1699 1700 1701 1843 4357 4361 4497 4500 4520 5228 5238 5241 5243 5247 5248 5261 5263 5264 5269 5272 5276 5278 5280 5289 6660 6697 6701 6702 6709 6715 6716 6719 6720 
55 1702 1703 1704 1705 1706 1707 1708 1709 1710 1711 1712 1713 1746 1769 6386 6396 6398 6400 6401 6402 6427 8131 8156 8157 8174 8175 8176 8177 8182 9159 9160 9161 9170 9173 9174 9203 9214 9216 9243 9251 9252 9348 9349 9361 9363 9374 9375 9379 9382 9384 9387 9440 9460 9612 9620 
17 1714 1715 1716 1717 1718 1719 1721 1722 1723 1724 1725 3419 4260 4638 4652 5520 5524 
22 1726 1727 1728 1729 1730 1735 1741 4157 4408 5041 5049 5050 5053 5055 6194 6196 6197 6723 6728 6729 6730 6739 
57 1731 1732 1733 1734 1736 1737 1739 1740 1742 1744 1751 1766 2083 5244 5277 5283 5307 5311 5322 5328 5329 6328 6329 6330 6333 6336 6357 6361 6525 6546 6548 6553 6554 6560 6566 6568 6654 6656 6657 6658 6659 6676 6679 6684 6743 6746 6750 6757 6761 6765 6773 6785 6786 6787 6825 6827 6870 
24 1743 1745 1747 1748 1749 1750 1752 1753 1754 1755 1756 1757 1758 1759 1760 1761 1762 1763 1764 1765 1767 1768 1770 2175 
19 1771 1772 1773 1774 1775 2242 4063 4216 4221 4226 4228 4252 4255 4436 4437 4440 4441 4445 4459 
13 1776 1777 1778 1779 4106 4573 4579 4580 4866 4868 4870 4875 5083 
21 1780 1783 1784 1785 1786 1787 1788 1789 1790 1791 1792 1793 1794 2227 3949 4056 4412 5336 5340 5784 5785 
53 1795 1796 1797 1798 1799 1800 1801 1802 1803 1804 1805 1806 1995 4363 8386 8410 8412 8423 8424 8427 8433 8434 8446 8458 8459 8461 8468 8508 8512 8514 8517 8528 8530 8541 8542 8545 8552 8559 8562 8571 8573 8574 8575 8626 8627 8646 8650 8657 8658 8666 8668 8669 8670 
27 1807 1808 1809 1810 1811 1812 1813 1814 1815 1816 1817 1818 1820 1821 1823 1862 2056 7411 8488 8497 8498 8505 8506 8507 8509 8511 8513 
27 1822 1824 1825 1826 1827 1828 1829 1830 1831 1832 1833 1834 1835 1836 1837 1838 1839 1840 1841 1842 1844 1845 1847 1950 2501 4699 7197 
23 1846 1848 1849 1850 1851 1852 1853 1854 1856 5177 5185 5190 5192 5200 5204 7972 7974 8998 8999 9002 9004 9007 9011 
12 1855 1857 1859 1860 1861 1863 1864 1865 5223 5230 5231 5235 
19 1866 1867 1868 1869 1871 4843 4845 8320 8330 8332 8333 8334 8345 8346 8347 8350 8354 8360 8384 
22 1870 1872 1873 1874 1875 1876 1877 1878 5852 8153 8160 8163 8187 8189 8190 8198 8200 8201 8217 8225 8226 8236 
38 1879 1880 1881 1882 1883 1884 1885 1886 1887 1888 1925 4073 4096 4802 4806 4807 6168 6169 6170 6172 6176 7045 7046 7048 7049 7064 7067 7086 7092 7104 7114 7115 7118 7119 7178 7184 7313 7323 
31 1889 1890 1891 1892 1893 1894 1895 1896 1897 4873 4889 4892 5216 5217 5279 5297 5602 5609 5623 5625 5636 5645 6072 6079 6083 6086 6087 6091 6096 6097 6100 
30 1898 1899 1900 1901 1902 1903 1904 1905 1906 1907 1908 1909 1910 1911 1918 2114 4016 4036 4062 4271 4274 4276 4858 4862 4863 4865 4878 4879 4882 5106 
19 1912 1913 1914 1915 1916 1917 1919 1920 1922 1924 1932 4399 4400 6167 6171 6175 6177 6178 6179 
16 1923 1926 1927 1928 1929 1930 1931 1933 1934 1941 4199 4210 4438 4724 4730 4731 
35 1935 1936 1937 1938 1939 1940 1942 1943 1944 1945 1946 1954 4848 4853 4855 4864 4871 4872 5222 7645 7647 7648 7649 7651 7653 7654 7655 7665 7690 7701 7703 7704 7712 7713 7720 
36 1947 1948 1949 1951 1952 1953 1955 1956 1957 1958 1960 1965 7865 7926 7930 7933 7934 7937 7939 7940 7941 7944 7949 7951 7954 7960 7983 7984 7985 7987 7993 8007 8012 8014 8015 8020 
41 1959 1961 1962 1963 1964 1966 1967 1968 1969 1970 1971 1972 1973 1974 4460 4917 4920 4925 4927 4930 4936 4938 4939 4940 4950 4958 4960 4961 4962 4963 4965 4966 4983 4987 5232 5236 5240 5249 5253 5254 5255 
24 1975 1976 1977 1978 1979 1980 1981 1982 1983 6471 6474 6475 6479 6480 6483 6499 6502 6900 6905 6907 6909 6917 6927 6936 
25 1984 1985 1986 1987 1988 1989 1990 1991 1992 4303 4304 4305 4309 4314 5466 5470 5474 5477 5481 5791 5792 5800 5802 9219 9221 
14 1993 1994 2028 5098 5100 5116 5117 5122 5124 5129 5136 5492 5494 5504 
17 1996 1997 1998 1999 2000 2001 2002 2003 2004 2005 2006 2007 2008 2009 2072 2531 4692 
40 2010 2011 2012 2013 2014 2015 2016 2017 2018 2254 4943 4945 4946 4947 4949 4956 4957 8500 8501 8503 8515 8529 8532 8533 8539 8540 8543 8548 8554 8590 8591 8593 8595 8596 8600 8601 8608 8609 8642 8644 
35 2019 2020 2021 2022 2023 2024 2025 2026 2027 2029 2030 2031 2032 2033 2034 2035 2038 2093 4624 4625 4629 4647 4653 4655 4659 4664 4665 5631 5632 5633 5640 5659 5662 5663 5665 
14 2036 2037 2039 2040 2041 2042 2043 2044 2045 2046 2047 2048 4163 4846 
16 2049 2050 2051 2052 2053 2054 2055 2057 2058 2059 2060 2062 2063 2064 2068 4749 
22 2065 2066 2067 2069 2070 2071 2073 2074 2076 4133 4258 4263 4817 4821 5666 5670 5674 5685 5686 5689 5692 5700 
12 2075 2077 2078 2079 2080 2081 2082 2089 6243 6433 6437 6445 
11 2084 2171 4909 4910 4998 5000 5010 5011 5013 5016 5020 
25 2085 2086 2087 2088 2090 2091 2092 2094 2095 2096 2097 2098 2100 2166 8430 8437 8445 8449 8450 8451 8453 8495 8499 8504 8510 
11 2099 2101 2102 2103 2104 2159 4233 4236 4238 5975 5976 
39 2105 2106 2108 2109 2110 2111 2112 2438 5458 5459 5460 5908 5909 5917 5918 6003 6017 6019 6020 6021 6024 6025 6026 6028 6030 6033 6035 6040 6043 6071 6080 6081 6121 6132 6134 6137 6368 6369 6388 
33 2113 2115 2116 2117 2118 2119 2120 2121 2122 2123 2124 2125 2126 2328 4514 4527 7827 9326 9329 9334 9336 9340 9342 9343 9352 9371 9372 9373 9534 9544 9551 9558 9559 
11 2127 2128 2129 2130 2131 2132 2133 2134 2135 2144 4028 
17 2136 2137 2138 2139 2140 2141 2142 2143 2145 2146 2147 2148 2149 2156 6749 9862 9887 
10 2150 2151 2152 2153 2154 2155 2157 2158 4496 5443 
22 2160 2161 2162 2163 2164 2165 2167 2168 2169 2170 2172 2173 2174 2176 2177 2271 9755 9757 9759 9761 9768 9770 
22 2178 2180 2181 2182 2183 2184 2185 2186 2187 2188 2189 2190 2191 2192 2193 2194 2195 2225 4141 4523 4790 7416 
24 2196 2197 2198 2199 2200 2201 2202 2203 2204 2205 2206 2207 2208 2220 2473 2485 5553 5567 5568 5570 5571 5573 5574 5664 
16 2209 2210 2211 2212 2213 2214 2215 2216 2219 4250 4324 4330 4331 9386 9419 9430 
4 2217 2218 2310 4198 
22 2221 2222 2224 2226 2228 2229 2230 2232 2233 2235 2236 2238 2239 2240 2241 2243 2244 2245 2246 2779 4588 4637 
14 2223 2234 2247 2249 2250 2251 2252 2253 2272 3250 4483 4484 4485 5586 
37 2255 2257 2258 2259 2260 2261 2262 2263 2264 2265 2267 2268 2277 3035 4048 5912 5994 5996 5999 9109 9110 9315 9533 9540 9557 9574 9582 9583 9586 9616 9617 9629 9630 9634 9637 9638 9641 
37 2269 2270 2273 2274 2275 2276 2278 2720 4472 4473 7207 7208 7210 7211 7212 7232 7235 7238 7239 7243 7258 7260 7275 7276 7277 7279 7286 7288 7289 7296 7300 7956 7957 7961 7980 7981 7982 
21 2279 2280 2281 2282 2283 2284 2285 2286 2287 2288 2385 5401 5403 5405 5410 5414 5422 5427 5432 5436 5445 
15 2289 2290 2291 2292 2293 2294 2295 2296 2297 2305 5513 5514 9029 9031 9038 
27 2298 2299 2300 2301 2302 2303 2304 2306 2307 2308 2309 2311 2312 2317 3185 5099 6533 7478 7595 7603 7604 7605 7607 7609 7610 7611 7614 
24 2313 2314 2315 2316 2318 2319 2320 2321 2322 2323 2324 2325 2326 2327 2329 2330 2331 2332 2333 2334 2335 2336 2338 2555 
17 2337 2339 2340 2341 2342 2343 2344 2345 2346 2347 2348 2349 2350 2351 2376 4477 6764 
14 2352 2353 2354 2355 2356 2357 2358 2359 2360 2361 2362 2367 2372 4456 
16 2363 2364 2365 2366 2368 2369 2370 2371 2373 2374 2375 2377 2398 2582 4099 4186 
66 2378 2379 2380 2381 2382 2383 2386 2463 4757 4759 4760 4763 4769 5491 5496 5500 5501 5515 5519 6885 6889 6890 6901 6932 6933 6934 6939 9177 9179 9186 9188 9191 9204 9205 9207 9209 9226 9232 9233 9281 9282 9285 9286 9288 9289 9290 9291 9292 9293 9300 9301 9302 9304 9306 9308 9316 9317 9318 9319 9320 9321 9322 9325 9327 9337 9339 
43 2384 2387 2388 2392 4173 4176 5987 6001 6011 6013 6018 6022 6027 6029 6032 6037 6038 6045 6049 6050 6051 6053 6062 6069 6074 6075 9434 9435 9442 9463 9489 9491 9555 9556 9570 9571 9591 9604 9610 9611 9613 9618 9808 
51 2389 2390 2391 2393 2394 2395 2396 2397 2399 2401 2402 2403 2404 2405 2406 2409 2606 4084 5799 5815 5820 5821 5824 5826 5829 6195 6201 6205 9124 9125 9126 9127 9130 9138 9140 9141 9144 9145 9151 9152 9153 9154 9178 9180 9190 9194 9213 9223 9234 9235 9239 
72 2407 2408 2410 2411 2412 2413 2414 2415 2416 2417 2418 2419 2420 2421 2422 2423 4494 5439 5446 5448 5449 5450 5451 5452 5455 5456 8127 8136 8144 8148 8161 8162 8172 8191 8194 8195 8197 8257 8301 8304 8305 8312 8317 8318 8325 8335 8340 8344 8348 8361 8362 8364 8365 8367 8373 8375 8376 8383 8403 8442 8447 8448 8452 8464 8465 8479 8482 8483 8487 8491 8494 8957 
20 2424 2425 2426 2427 2428 2429 2430 2431 2432 2433 2434 2435 2440 2495 6724 6725 6741 6840 6845 6847 
36 2436 2457 2639 2763 4027 5119 5120 5268 5270 5271 5310 7559 7562 7588 7589 7590 7591 7592 7602 7606 7608 7617 7663 7667 7674 7680 7681 7682 7683 7707 7709 7710 7715 7716 7722 7746 
11 2437 2439 2441 2442 2443 2444 2445 2450 2541 5376 5381 
52 2446 2448 2449 2451 3037 4145 4153 4587 4595 4599 4608 4612 5262 5266 5273 5274 6164 6173 6260 6269 6276 6279 6280 7190 7191 7192 7193 9713 9717 9736 9737 9739 9740 9746 9754 9760 9762 9763 9765 9769 9772 9776 9778 9780 9801 9804 9807 9809 9811 9816 9818 9820 
20 2452 2453 2454 2455 2456 2458 2459 2460 2468 5544 5605 5606 5607 5608 5862 5865 5874 5876 5888 5890 
27 2461 2462 2464 2465 2466 2467 2469 2470 2471 2472 2475 2497 4247 5298 5299 5300 5313 5453 5473 5487 5497 6211 6212 6214 6217 6222 7412 
24 2474 2476 2477 2478 2479 2480 2481 4517 4567 5001 5003 5075 5081 5115 5315 5343 5344 5360 5363 5365 5392 5393 5404 5877 
17 2482 2483 2484 2486 2487 2488 2489 2490 2491 2492 2493 2494 2500 5031 5034 5043 5061 
33 2496 2498 2499 2502 2503 2504 2505 2536 4032 4043 4046 7147 7149 7150 7151 7152 7156 7161 7163 7165 7166 7168 7171 7172 7173 7174 8972 8973 8978 8984 8989 8990 8992 
63 2506 2507 2535 4101 6627 6628 6629 6631 6633 7479 7481 7483 7486 7520 7523 7527 7634 8103 8105 8107 8109 8110 8116 8124 8125 8129 8132 8133 8138 8139 8140 8141 8211 8245 8246 8247 8253 8254 8255 8262 8265 8267 8270 8271 8293 8294 8338 8352 8355 8356 8357 8358 8359 8368 8370 8371 8374 8380 8382 8400 8402 8415 8420 
27 2508 2509 2510 2511 2512 2513 2514 2515 2516 2517 2518 2519 4222 4223 4712 4713 4720 4726 4728 4762 4765 4767 5078 5088 8222 8223 8227 
25 2520 2521 2522 2523 2524 2525 2526 2527 2528 2529 3388 4131 5527 5528 5533 5534 5539 6223 6228 6231 6232 6235 6239 6242 6309 
40 2530 2532 2533 2534 2537 2673 5173 5176 5915 5916 5925 5928 5932 5933 5934 5937 5946 5953 5959 5968 5981 5983 5985 5995 6036 6039 6041 6058 6065 6070 6152 6155 6156 6403 6407 6408 6415 6416 6418 6420 
21 2538 2539 2540 2542 2543 2544 2545 2546 2547 2549 2550 2559 4928 4972 4975 4991 4992 4993 8948 8949 8950 
16 2551 2552 2553 2554 2556 2557 2558 2560 2562 2804 4134 5576 5577 5587 5588 5589 
21 2561 2563 2564 2566 2574 2753 4114 4115 4124 4268 4954 4955 7531 7539 7566 7569 7624 7626 7630 7631 7637 
9 2565 2567 2568 2569 2708 4207 4209 7214 7220 
22 2570 2571 2572 2573 2575 2576 2577 2578 2579 2580 2581 2584 4598 5757 5783 5796 5801 5813 5814 7413 7421 7427 
35 2583 2585 2586 2587 2588 2591 4973 6639 6640 6642 6643 6645 6648 6652 6653 6665 6670 6671 6683 6690 6691 6698 6834 6839 6842 6843 8623 8624 8625 8632 8634 8635 8680 8924 8928 
49 2589 2590 2592 2593 2594 2595 2596 2597 2598 2601 4277 4476 7189 7203 7670 7673 7676 7678 7679 7684 7685 7692 7696 7708 7711 7723 7737 7743 7745 7767 7773 7774 7777 7781 7784 7785 7846 7882 7891 7893 7894 7898 7899 7900 7904 7908 7915 7979 7986 
20 2599 2600 2602 2603 2604 2605 2607 2608 2609 2610 2611 2612 2638 4160 5331 5332 5339 5341 5348 5351 
12 2613 2614 2615 2616 2617 2618 2619 2621 2622 2623 2626 4129 
9 2624 2625 2627 2628 2629 2630 2631 2637 2829 
24 2632 2634 2636 2640 2672 4660 4662 4667 4670 5611 5612 5618 5619 5644 5648 5650 5677 5678 5681 5691 5846 5847 5853 5858 
24 2635 2641 2642 2643 2644 2645 2646 2647 2648 2649 2650 2652 2653 2654 2655 2656 2657 2658 2659 2660 4021 4123 4402 4404 
11 2661 2662 2665 4185 4189 4190 4942 5198 5199 5220 5265 
36 2663 2664 2666 2667 2668 2669 2670 2671 2678 4214 6370 6385 9388 9390 9396 9398 9438 9470 9475 9493 9498 9502 9505 9508 9509 9511 9512 9513 9514 9517 9519 9520 9521 9522 9526 9538 
10 2674 2675 2676 2677 2679 2680 2681 2682 3719 6651 
28 2683 2684 2685 2686 2687 2688 2689 2690 2691 2692 2693 2694 2695 2696 2697 2698 2699 2700 2701 2703 2767 4225 4240 4243 4245 4253 5509 6821 
27 2702 2704 2705 2706 2707 2709 2710 2711 2712 2713 2714 2715 2797 2906 5036 5037 5038 5337 8128 8130 8142 8146 8147 8166 8180 8185 8192 
23 2716 2717 2718 2719 2721 2722 2724 3537 4306 4310 4373 4536 4539 4547 4556 4558 6220 6221 6227 6229 6238 6246 6248 
31 2723 2725 2726 2727 2728 2729 2730 2731 2732 2733 2735 2736 2737 2738 2739 2740 2741 2742 4465 4468 9939 9940 9941 9943 9958 9962 9963 9970 9974 9979 9984 
37 2734 2743 2744 2745 2746 2747 2748 2749 2750 2751 2752 2754 2755 2756 2757 2759 4702 4703 5077 5084 5086 5149 5150 5153 5156 5160 6338 6339 6343 6350 6353 6359 6362 6364 6371 6372 6384 
23 2758 2760 2761 2762 2764 2765 2766 2768 2769 2770 2771 2772 2773 2774 2775 2776 2777 2778 2780 2781 2782 4020 4616 
21 2783 2784 2805 4676 7447 7448 7457 7458 7464 7487 7489 7491 7499 7502 8631 8667 8682 8683 8687 8698 8699 
9 2785 2786 2787 2788 2789 2790 2800 4248 4756 
13 2791 2792 3145 6044 6046 6047 6048 6059 6066 6068 6085 6092 6093 
31 2793 2794 2795 2796 2798 2799 2801 2802 2803 2806 2807 2808 2809 2810 2811 2812 3324 6292 6293 6294 6299 6300 6301 6315 6316 7848 7851 7853 8901 8902 8903 
18 2813 2814 2815 2816 2817 2818 2819 2821 4475 4480 4482 4486 4487 4508 4511 4606 4615 4618 
25 2820 2823 2824 2825 2826 2827 2828 2830 2831 2832 2833 2834 2835 2836 2837 4719 6672 6760 6763 6766 6767 6792 6830 6852 6855 
23 2822 2838 2839 2840 2841 2842 2843 2844 2845 2846 2847 2848 2849 2850 2851 2852 2853 2854 4398 6225 6230 6234 6458 
30 2855 2856 2857 2858 2859 2860 2861 2862 2863 2864 2865 2866 2867 2868 2869 2871 2892 4074 4079 4541 4554 4555 4557 5997 5998 6000 6004 6005 6009 8126 
45 2870 2872 2873 2874 2875 2876 2877 2878 2879 2880 2881 2883 4081 4094 4201 4203 9402 9410 9416 9418 9421 9422 9427 9433 9437 9441 9448 9449 9455 9457 9458 9459 9466 9478 9480 9503 9753 9756 9758 9764 9767 9815 9819 9824 9827 
16 2882 2884 2885 2886 2887 2888 2889 2890 2891 2893 2894 2923 4065 5151 5157 5165 
9 2895 2896 2897 2898 2899 2900 2918 4411 4413 
53 2901 2902 2903 2914 9257 9261 9267 9270 9280 9294 9295 9296 9299 9303 9305 9323 9324 9328 9330 9331 9332 9333 9335 9338 9341 9351 9353 9362 9365 9366 9385 9391 9395 9397 9542 9561 9564 9567 9568 9569 9572 9575 9578 9579 9580 9585 9588 9589 9601 9602 9603 9606 9607 
86 2904 2905 2907 2908 2909 2910 2912 4017 4064 4068 4069 4071 4072 9409 9423 9424 9428 9429 9431 9432 9443 9444 9445 9446 9447 9451 9464 9477 9500 9504 9506 9507 9518 9523 9532 9536 9537 9560 9614 9615 9619 9624 9625 9626 9627 9633 9639 9640 9643 9644 9646 9649 9652 9654 9655 9656 9657 9662 9663 9664 9665 9701 9709 9724 9725 9732 9733 9734 9738 9741 9743 9744 9745 9747 9813 9814 9861 9863 9870 9880 9885 9888 9934 9964 9965 9969 
33 2911 2913 2915 2916 2917 2919 2920 2935 4812 4813 4814 4816 4822 4825 4827 4829 4833 5768 5769 5772 5774 5775 5776 5777 5778 5779 5780 5782 7455 7462 7463 7470 7472 
55 2921 2922 2924 2925 2926 2927 2928 2937 5284 5285 5290 5295 5303 5304 5305 5306 5308 7280 7290 7291 7292 7303 7304 7306 7338 7343 7344 7345 7346 7347 7354 7355 7356 7800 7803 7808 7809 7810 7811 7812 7821 7823 7826 7828 7832 7857 7858 7859 7864 7879 7880 7884 7885 7886 7919 
23 2929 2930 2931 2932 2933 2934 2936 2938 2939 2940 2943 3056 4113 9000 9003 9005 9009 9012 9018 9019 9021 9023 9040 
11 2942 2944 2945 2946 2947 2948 2951 3432 6273 6278 6282 
19 2949 2950 2952 2953 2954 2968 8440 8441 8443 8444 8456 8462 8466 8475 8476 8477 8484 8492 8493 
23 2955 2956 2957 2958 2959 3010 4394 4396 5655 5657 5660 5661 5667 5672 5673 8997 9051 9053 9055 9061 9062 9066 9068 
67 2960 2961 2962 2963 2964 2965 2966 2967 2969 2970 2971 2972 2973 3006 4195 4471 7308 7309 7311 7314 7315 7316 7317 7319 7321 7325 7328 7337 7340 7348 7385 7389 7393 7401 7402 7404 7408 7410 7414 7422 7424 7425 7426 7436 7437 7440 7442 7465 7664 7668 7671 7675 7689 7721 7724 7725 7727 7730 7731 7735 7738 7741 7742 7762 7763 7779 7797 
32 2974 2975 2976 2977 2978 2979 2980 3182 5079 5114 5128 9128 9129 9131 9132 9133 9134 9136 9137 9139 9146 9156 9158 9163 9167 9169 9255 9258 9298 9309 9312 9346 
26 2981 2982 2983 2984 2985 2986 2987 2988 2989 3015 3409 4030 5371 5372 5463 5464 5467 5476 5485 5486 5490 5495 5499 5506 5508 7628 
45 2990 2991 2992 2993 2994 3001 3050 3111 4380 4381 5795 5797 5798 5816 5817 5818 5828 5831 5832 5834 5835 5837 5839 5842 5843 7585 7587 7594 7621 7622 7623 7627 7629 7643 7644 7646 7744 9345 9355 9357 9358 9359 9370 9376 9380 
40 2995 2996 2997 2998 2999 3000 3002 3003 3004 3005 3009 5727 5730 5732 5733 5741 5742 5745 5746 5748 9347 9350 9354 9356 9360 9364 9367 9368 9369 9411 9412 9413 9414 9415 9417 9420 9425 9426 9471 9472 
54 3007 3008 3011 3012 3013 3014 8074 8135 8137 8159 8173 8178 8181 8275 8276 8279 8280 8281 8292 8295 8296 8297 8298 8489 8490 8522 8536 8537 8538 8653 8654 8655 8656 8664 8671 8672 8673 8675 8676 8764 8781 8816 8817 8820 8940 8952 8956 8958 8960 8961 8964 8966 8969 8970 
36 3016 3017 3018 3019 3020 3021 3022 3028 4029 6543 6544 6549 6552 6558 6588 6590 6591 6592 6605 6673 6674 6748 6782 6783 6788 6789 9781 9783 9786 9788 9789 9793 9794 9798 9803 9805 
12 3023 3024 3025 3026 3027 3029 3041 3067 4070 5349 5350 5355 
21 3030 3031 3032 3033 3034 3039 3048 3690 4025 4787 4796 4797 4799 4801 5184 5218 5221 5224 5226 5242 5267 
46 3036 3038 3040 3042 3043 3044 9344 9547 9706 9707 9711 9712 9715 9716 9735 9742 9766 9771 9790 9791 9792 9797 9800 9802 9810 9812 9853 9856 9857 9858 9860 9864 9865 9868 9871 9873 9882 9890 9892 9895 9900 9913 9915 9920 9926 9927 
38 3045 3046 3047 3049 3051 3052 3053 3054 3055 3057 3058 3062 5805 5807 6377 6378 6381 6538 6542 6550 6555 6557 7694 7695 7702 7705 7789 7814 7867 7868 7871 7873 7874 7909 7912 7913 7921 7927 
53 3059 3061 3063 3064 3974 4200 4375 4377 6781 7530 7532 7533 7535 7537 7540 7542 7543 7549 7554 7560 7625 7633 7635 7636 7638 7639 7640 7641 7749 7750 7752 7757 7761 7766 7768 7769 7770 7772 7775 7776 8098 8100 8102 8106 8122 8123 8258 8259 8260 8263 8268 8273 8274 
12 3060 3065 3066 3068 3069 3070 3071 3072 3073 3144 4881 4884 
12 3074 3075 3076 3077 3078 3079 4171 4732 4735 4736 4737 4739 
7 3080 3081 3082 3195 4187 4197 4205 
15 3083 3084 3085 3086 3087 3088 3089 3207 4165 4733 5530 5531 5538 5540 5541 
24 3090 3091 3092 3093 3094 3095 3096 3097 3098 3099 3100 4805 5359 5361 5362 5364 6160 6162 6182 6582 6584 6604 6615 6621 
8 3101 3102 3103 3105 3106 3107 3172 4729 
18 3108 3109 3110 3112 3113 3114 3115 3116 3121 3125 4168 4170 4177 4179 4291 5483 5488 5489 
28 3117 3118 3119 3120 3122 3123 3124 3126 3127 3133 5412 5424 5440 5462 5469 5472 5475 5478 5479 5482 5484 5546 5550 5552 5600 5603 5626 5643 
22 3128 3129 3130 3131 3132 3134 3135 3136 3137 3138 3139 3140 3141 3142 3143 3148 4050 4154 4694 4695 4696 4698 
68 3146 3147 3149 3150 3151 3152 3153 3154 3155 3156 3157 3158 3159 3160 3161 3162 3165 3605 4489 4492 4525 4530 4531 5972 6125 6127 6207 6224 6345 6347 6348 6352 6431 6432 6441 6442 6446 6456 6467 6469 6470 6472 6485 6490 6495 6496 6497 6498 6510 6511 6513 6515 6518 6520 6522 6524 6535 6536 6547 6551 6556 6559 6561 6564 6565 6577 6578 6579 
11 3163 3164 3166 3167 3168 3169 3170 3171 3173 3175 3238 
51 3174 3176 3177 3178 3179 3180 3181 3183 3184 3186 3187 3188 3189 3190 3193 3632 4333 4334 4336 4341 4342 4344 5979 5992 6975 6976 6980 6987 7000 7080 7081 7082 9775 9777 9779 9782 9784 9785 9787 9874 9877 9878 9879 9881 9883 9884 9889 9987 9991 9993 9996 
34 3191 3192 3194 3196 3197 3198 3199 3200 3201 3202 3203 3204 4052 4990 9830 9831 9835 9846 9901 9902 9912 9918 9919 9923 9928 9981 9982 9983 9985 9986 9990 9992 9994 9995 
27 3205 3206 3208 3209 3210 3211 3212 3213 3214 3215 3216 3217 3218 3219 3220 3221 3222 6599 6602 6603 6610 6613 6622 6623 6638 6641 6650 
24 3223 3224 3225 3226 3227 4278 4974 4977 4986 5368 8780 8784 8791 8795 8799 8801 8808 8813 8821 8830 8841 8843 8859 8867 
7 3228 3229 3230 3231 3232 3392 5454 
94 3233 3234 3235 3236 3237 3239 3240 3241 3242 3243 3244 3245 3246 3247 3248 4083 4086 4364 4366 4370 4372 4378 4379 4854 4859 4860 4861 5578 5579 5594 5595 5596 5601 5615 5617 6488 6493 6494 6523 6537 6851 6853 6854 6861 6863 6875 6876 6879 6881 6882 6883 6887 6894 6895 6896 6897 6903 6904 6906 6908 6911 6914 6915 7019 7023 7025 7038 7039 7041 7042 7044 7050 7051 7069 7074 7085 7103 7105 7106 7107 7120 7121 7122 7124 7126 7137 7139 7141 7142 7153 7154 7164 7167 7169 
39 3249 3251 3252 3253 3254 3255 3256 3257 3258 3259 3260 3261 3262 3263 3264 3265 3266 3267 3268 3269 3270 3273 3339 4231 4382 4387 4389 4393 4397 5493 5498 5502 5503 5505 5507 5510 9071 9072 9075 
40 3271 3272 3274 3275 3276 3277 3278 3279 3280 3285 4126 4348 4837 7234 7236 7240 7245 7261 7262 7263 7270 7301 7302 9645 9648 9836 9840 9842 9847 9849 9850 9872 9914 9921 9922 9948 9949 9950 9951 9977 
21 3281 3282 3283 3284 3286 3287 3288 3290 3291 3292 3293 3294 3295 3296 3297 3298 3299 3300 3302 3303 3323 
31 3304 3305 3306 3307 3308 3309 3310 3311 3312 9796 9799 9806 9817 9821 9829 9834 9838 9845 9859 9866 9867 9869 9876 9924 9938 9944 9945 9947 9954 9967 9975 
28 3313 3314 3315 3316 3317 3318 3319 3320 3321 3322 3325 3326 3327 3328 3329 3330 3331 3332 3333 3334 3335 3342 3442 4078 4287 4290 4723 4727 
34 3336 3337 3338 3340 3341 3343 3344 3345 3346 3347 3348 3349 3351 4035 4047 4789 4792 5131 5133 5138 5141 5143 5144 5147 7778 7780 7783 7786 7787 7788 7791 7798 7802 7807 
15 3350 3352 3353 3354 3355 3356 3357 3358 3359 3360 3361 3362 3455 4167 4835 
10 3363 3364 3365 3366 3367 3368 3369 3370 3374 4128 
21 3371 3372 3373 3375 3376 3872 4734 4738 5900 8041 8043 8044 8050 8055 8056 8068 8069 8075 8079 8081 8083 
14 3377 3378 3379 3380 3381 3382 3383 3384 3385 3465 4828 4830 6586 6587 
20 3386 3387 3550 4180 6918 6937 6938 6940 6942 6947 6950 6952 6954 6955 6957 6958 6993 7975 7976 7977 
10 3389 3390 3391 3393 3394 3395 3396 3397 3398 3399 
36 3400 3401 3402 3403 3404 3405 3406 3497 4229 4259 4262 4264 4266 4424 4425 4433 4443 4444 4446 5121 5123 5130 5139 5146 5155 5158 5162 5166 5168 6693 6696 6700 9192 9193 9195 9206 
18 3407 3408 3410 3411 3412 3413 3414 3415 3416 3417 3418 3420 3421 3422 3423 3424 3443 6635 
28 3425 3427 3428 3429 3430 3431 3433 3434 3436 3438 4321 4575 5209 5214 5219 5225 5229 7816 7817 7820 7824 7830 7833 7834 7836 7837 7839 7841 
32 3437 3439 3440 3441 3444 3445 3446 3450 3567 4232 4836 5164 5526 5551 5559 5599 5610 5613 5614 5616 5620 5621 5622 5624 5627 5630 5634 5635 5638 5642 5646 5647 
20 3447 3448 3449 3451 3452 3453 3454 3456 3457 3459 3471 3995 4077 4085 4339 5015 5019 8913 8916 8917 
30 3458 3460 3461 3462 3463 3464 3466 3467 3468 3469 3470 3472 3473 3474 3483 4049 5825 5860 5861 5863 5864 7450 7453 7460 7461 7467 7494 7495 7496 7500 
50 3475 3476 3477 3478 3479 3480 3481 3482 3484 3485 3486 3487 3488 3489 3490 3491 3492 3496 3648 5066 5069 5072 5073 5076 6661 6663 6664 6678 6680 6687 6689 6694 6695 6699 6717 6737 6738 6745 6775 6778 6779 6780 9593 9595 9597 9598 9623 9628 9721 9722 
27 3493 3494 3495 3498 3499 3500 3501 3502 3503 3504 3505 3523 4634 4636 4644 4646 4649 4650 4654 4672 4776 4779 7223 7225 7226 7536 7661 
17 3506 3507 3508 3509 3510 3511 3512 3513 3514 3515 3516 3517 3518 3522 9957 9988 9997 
12 3519 3520 3521 3524 3525 3526 3527 3528 3529 3530 3531 3677 
36 3532 3533 3534 3535 3538 3539 3540 3541 3542 3543 3588 5107 5108 5109 5257 5258 8435 8436 8438 8454 8457 8467 8472 8473 8544 8547 8549 8550 8553 8555 8564 8583 8587 8592 8599 8602 
17 3544 3545 3546 3547 3548 3549 3551 3552 3553 3554 3555 3556 3616 4135 4426 4428 4429 
28 3557 3558 3559 3560 3561 3562 3563 3564 3565 3566 3568 3569 3570 3571 3581 4149 4152 4267 4318 4323 4325 4761 4764 4768 4770 4771 4775 4784 
27 3572 3573 3574 3575 3576 3577 3578 3579 3580 3582 3583 3584 3585 3589 4427 5954 5956 5958 5963 5964 5965 5966 5970 5991 5993 6666 6668 
21 3586 3587 3590 3591 3592 3593 3594 3595 3598 5893 5898 5899 5901 5927 5930 5931 5935 5936 5938 5943 5969 
41 3596 3597 3599 3600 3601 3602 3603 3604 3606 3607 3608 3623 5007 5009 5171 5172 5175 5179 5195 5196 5202 5205 5208 5210 5211 5213 8721 8735 8742 8758 8763 8766 8771 8811 8814 8815 8975 8979 8980 8981 8988 
20 3609 3610 3611 3612 3613 3614 3615 3617 3618 3619 3620 3621 3624 3625 3626 3627 3628 4097 4493 4883 
57 3629 3630 3631 3633 3634 3635 3638 3650 4312 4313 4315 4317 4540 4543 4560 4561 5629 5656 7514 7515 7517 7519 7529 7534 7538 7541 7544 7548 7551 7552 7565 7568 7570 7573 7632 7642 8768 8778 8782 8785 8803 8804 8805 8807 8869 8872 8874 8875 8878 8882 8884 8886 8890 8891 8898 8899 8919 
12 3636 3637 3639 3640 3641 3642 3643 3644 5051 5056 5058 5062 
30 3645 3646 3647 3649 3651 3653 4297 4401 5296 5302 5309 5312 5314 5316 8480 8481 8526 8527 8531 8534 8535 8556 8561 8576 8580 8581 8582 8586 8588 8589 
28 3652 3654 3655 3656 3657 3658 3659 3660 3661 4023 4298 4299 4307 4308 4311 4316 4322 5948 7278 7285 7287 7396 7398 7417 7420 7433 7434 7438 
14 3662 3663 3664 3665 3666 3667 3668 3669 3670 3703 3733 5522 9026 9027 
24 3671 3672 3673 3674 3675 3676 3678 3679 3680 3681 3682 3684 3685 3686 3687 3688 3695 3731 4188 4208 4301 4302 5581 5593 
14 3689 3691 3692 3693 3694 3696 3697 3698 3699 3700 3701 3702 4080 4087 
32 3704 3705 3706 3707 3708 3720 8316 8321 8323 8324 8363 8366 8369 8379 8381 8385 8389 8390 8391 8394 8395 8396 8399 8421 8422 8425 8439 8469 8470 8471 8485 8486 
19 3709 3710 3711 3712 3713 3714 3715 3716 3718 3754 4031 4051 4059 5512 5516 5517 5518 5547 5548 
57 3721 3722 3723 3724 3725 3726 3727 3728 3729 3730 3732 3734 3735 3736 3737 3738 3739 3740 3741 3748 3783 3823 5919 5921 5924 5929 5947 5949 5950 5951 7217 7237 7242 7244 7246 7248 7251 7252 7256 7274 7358 7367 7369 7375 8618 8620 8622 8628 8630 8715 8729 8731 9720 9723 9727 9728 9730 
38 3742 3743 3744 3745 3746 3747 3749 3750 3751 3752 3753 3755 3756 3757 3758 3759 3760 3761 3762 3763 3771 4042 4279 5080 5101 6015 6016 6094 6095 6109 9404 9468 9469 9483 9484 9486 9487 9488 
27 3764 3765 3766 3767 3938 4337 4340 4343 4347 4349 5758 5761 5763 5770 5787 5793 8150 8168 8169 8170 8171 8179 9080 9081 9084 9086 9089 
13 3768 3769 3770 3772 3773 3774 3859 4896 4899 4900 4905 4908 4913 
18 3775 3776 3777 3778 3779 3780 3781 3782 3784 3785 3786 3787 3788 3801 4067 4155 4161 4164 
18 3789 3790 3791 3792 3793 3794 3795 3796 3797 3799 3800 3802 3803 3804 3805 3807 3809 4661 
53 3806 3808 3810 3830 4172 4213 4911 4912 6784 6791 6795 6797 6799 6801 6803 6807 6808 6815 6818 6848 7473 7477 7480 7485 7508 7510 7511 7650 7652 7656 7657 7658 7666 7672 7677 8052 8063 8065 8066 8689 8691 8692 8700 8701 8707 8708 8713 8714 8724 8737 8746 8747 8750 
60 3811 3812 3813 3814 3815 3816 3817 3818 3831 4415 4422 8113 8114 8115 8117 8120 8121 8151 8152 8154 8164 8165 8183 8184 8186 8188 8193 8196 8199 8202 8203 8204 8205 8206 8207 8208 8209 8210 8212 8213 8215 8216 8230 8244 8249 8264 8269 8272 8282 8284 8285 8286 8289 8299 8300 8302 8303 8306 8309 8311 
29 3819 3820 3821 3822 3824 3825 3826 3827 3828 3829 3833 4045 4743 4755 4772 4773 4774 4778 4780 4781 4793 4794 4795 4800 4809 5549 6448 6449 6489 
41 3832 3834 3835 3836 3837 3838 3839 3840 3841 3842 3843 3844 3845 3846 3986 4601 4605 4619 8290 8291 8339 8341 8342 8343 8351 8353 8372 8377 8378 8387 8388 8392 8393 8397 8398 8401 8406 8408 8414 8460 8523 
14 3847 3848 3849 3850 3851 3852 3853 3854 3855 3856 3857 3858 3881 4140 
15 3860 3861 3862 3863 3864 3865 3866 3867 3868 3869 3870 3871 3875 4034 4295 
30 3873 3874 3876 3877 3927 4181 4182 4184 4996 4997 4999 5059 5065 5067 5070 5071 8904 8905 8907 8908 8914 8918 8922 8925 8926 8927 8932 8934 8938 8939 
42 3878 3879 3880 3882 3883 3884 3885 3886 3887 3888 3889 3890 3891 3892 3893 3894 3895 3896 3897 3898 3899 3900 3901 3902 3903 3904 3931 5654 5658 5695 5697 6892 6893 6935 6944 8319 8322 8326 8327 8328 8329 8331 
22 3905 3906 3907 3908 3909 3910 3911 3912 3914 3955 5744 5789 5790 7726 7728 7729 7732 7733 7734 7736 7739 7740 
29 3913 3915 3916 3917 4111 6806 6809 6810 6811 6812 6813 6828 6829 6831 6832 6833 6835 6837 6838 6844 6846 6849 6856 6862 6880 6884 6886 6888 6891 
11 3918 3919 3920 3921 3922 4269 4270 4273 4351 4352 4353 
26 3923 3924 3925 3926 3928 3929 3930 3932 3933 3934 3935 3936 3937 3939 3940 3942 3985 4632 4635 4639 4640 4643 4648 4651 4679 4681 
23 3943 3944 3945 3946 3947 3948 3950 3951 3952 3953 4467 4481 4964 7612 8143 8145 8149 8158 8167 8214 8232 8234 8235 
36 3954 3956 3957 3958 3959 3962 4007 5803 5806 5822 5827 5830 5833 5849 5867 5878 5879 5881 5883 5884 5886 6428 6429 6430 6440 6447 6450 6473 6481 6482 6484 6514 6519 6521 6530 6531 
35 3960 3961 3963 3964 3965 3966 3967 3968 3969 3970 3971 3972 3973 3975 3976 3987 4414 4417 4453 4454 4455 4688 4689 4710 5097 5113 6263 6266 6267 6268 8716 8732 8838 8839 8851 
25 3977 3978 3979 3980 3981 3982 3983 3984 3999 4564 4569 4572 4577 4578 4585 4590 4668 5330 5334 5345 5354 5357 7186 7187 7188 
12 3988 3989 3990 3991 3992 3993 3994 3996 3997 3998 4061 4100 
52 4000 4001 4002 4003 4004 4005 4006 4008 4009 4010 4011 4012 4013 4014 4015 4018 4951 5367 5383 5388 5391 5394 5398 5399 5400 5562 5575 5584 5585 5590 5591 5592 6283 6287 6312 6395 6768 6769 6790 6796 6798 6800 6802 6816 6817 6819 6820 6822 6823 6836 6841 6850 
